 Entering Gaussian System, Link 0=g16
 Input=Benzeno5.com
 Output=Benzeno5.log
 Initial command:
 /usr/local/g16/l1.exe "/home/padawan/ingrid/Gau-80003.inp" -scrdir="/home/padawan/ingrid/"
 Entering Link 1 = /usr/local/g16/l1.exe PID=     80005.
  
 Copyright (c) 1988,1990,1992,1993,1995,1998,2003,2009,2016,
            Gaussian, Inc.  All Rights Reserved.
  
 This is part of the Gaussian(R) 16 program.  It is based on
 the Gaussian(R) 09 system (copyright 2009, Gaussian, Inc.),
 the Gaussian(R) 03 system (copyright 2003, Gaussian, Inc.),
 the Gaussian(R) 98 system (copyright 1998, Gaussian, Inc.),
 the Gaussian(R) 94 system (copyright 1995, Gaussian, Inc.),
 the Gaussian 92(TM) system (copyright 1992, Gaussian, Inc.),
 the Gaussian 90(TM) system (copyright 1990, Gaussian, Inc.),
 the Gaussian 88(TM) system (copyright 1988, Gaussian, Inc.),
 the Gaussian 86(TM) system (copyright 1986, Carnegie Mellon
 University), and the Gaussian 82(TM) system (copyright 1983,
 Carnegie Mellon University). Gaussian is a federally registered
 trademark of Gaussian, Inc.
  
 This software contains proprietary and confidential information,
 including trade secrets, belonging to Gaussian, Inc.
  
 This software is provided under written license and may be
 used, copied, transmitted, or stored only in accord with that
 written license.
  
 The following legend is applicable only to US Government
 contracts under FAR:
  
                    RESTRICTED RIGHTS LEGEND
  
 Use, reproduction and disclosure by the US Government is
 subject to restrictions as set forth in subparagraphs (a)
 and (c) of the Commercial Computer Software - Restricted
 Rights clause in FAR 52.227-19.
  
 Gaussian, Inc.
 340 Quinnipiac St., Bldg. 40, Wallingford CT 06492
  
  
 ---------------------------------------------------------------
 Warning -- This program may not be used in any manner that
 competes with the business of Gaussian, Inc. or will provide
 assistance to any competitor of Gaussian, Inc.  The licensee
 of this program is prohibited from giving any competitor of
 Gaussian, Inc. access to this program.  By using this program,
 the user acknowledges that Gaussian, Inc. is engaged in the
 business of creating and licensing software in the field of
 computational chemistry and represents and warrants to the
 licensee that it is not a competitor of Gaussian, Inc. and that
 it will not use this program in any manner prohibited above.
 ---------------------------------------------------------------
  

 Cite this work as:
 Gaussian 16, Revision A.03,
 M. J. Frisch, G. W. Trucks, H. B. Schlegel, G. E. Scuseria, 
 M. A. Robb, J. R. Cheeseman, G. Scalmani, V. Barone, 
 G. A. Petersson, H. Nakatsuji, X. Li, M. Caricato, A. V. Marenich, 
 J. Bloino, B. G. Janesko, R. Gomperts, B. Mennucci, H. P. Hratchian, 
 J. V. Ortiz, A. F. Izmaylov, J. L. Sonnenberg, D. Williams-Young, 
 F. Ding, F. Lipparini, F. Egidi, J. Goings, B. Peng, A. Petrone, 
 T. Henderson, D. Ranasinghe, V. G. Zakrzewski, J. Gao, N. Rega, 
 G. Zheng, W. Liang, M. Hada, M. Ehara, K. Toyota, R. Fukuda, 
 J. Hasegawa, M. Ishida, T. Nakajima, Y. Honda, O. Kitao, H. Nakai, 
 T. Vreven, K. Throssell, J. A. Montgomery, Jr., J. E. Peralta, 
 F. Ogliaro, M. J. Bearpark, J. J. Heyd, E. N. Brothers, K. N. Kudin, 
 V. N. Staroverov, T. A. Keith, R. Kobayashi, J. Normand, 
 K. Raghavachari, A. P. Rendell, J. C. Burant, S. S. Iyengar, 
 J. Tomasi, M. Cossi, J. M. Millam, M. Klene, C. Adamo, R. Cammi, 
 J. W. Ochterski, R. L. Martin, K. Morokuma, O. Farkas, 
 J. B. Foresman, and D. J. Fox, Gaussian, Inc., Wallingford CT, 2016.
 
 ******************************************
 Gaussian 16:  ES64L-G16RevA.03 25-Dec-2016
                29-Mar-2022 
 ******************************************
 %nproc=30
 Will use up to   30 processors via shared memory.
 %mem=28GB
 %Chk=Benzeno5.chk
 ---------------------
 #n wB97xd/6-31G(d) SP
 ---------------------
 1/38=1,172=1/1;
 2/12=2,17=6,18=5,40=1/2;
 3/5=1,6=6,7=1,11=2,25=1,30=1,74=-58/1,2,3;
 4//1;
 5/5=2,38=5/2;
 6/7=2,8=2,9=2,10=2,28=1/1;
 99/5=1,9=1/99;
 -----
 Title
 -----
 Symbolic Z-matrix:
 Charge =  0 Multiplicity = 1
 C                    -1.2211   -0.705     0. 
 H                    -2.05248  -1.185     0. 
 C                     0.       -1.41      0. 
 H                     0.       -2.37      0. 
 C                     1.2211   -0.705     0. 
 H                     2.05248  -1.185     0. 
 C                    -1.2211    0.705     0. 
 H                    -2.05248   1.185     0. 
 C                     0.        1.41      0. 
 H                     0.        2.37      0. 
 C                     1.2211    0.705     0. 
 H                     2.05248   1.185     0. 
 C                     0.       -1.41      6. 
 H                     0.       -2.37      6. 
 C                     1.2211   -0.705     6. 
 H                     2.05248  -1.185     6. 
 C                     1.2211    0.705     6. 
 H                     2.05248   1.185     6. 
 C                    -1.2211   -0.705     6. 
 H                    -2.05248  -1.185     6. 
 C                    -1.2211    0.705     6. 
 H                    -2.05248   1.185     6. 
 C                     0.        1.41      6. 
 H                     0.        2.37      6. 
 
                          Input orientation:                          
 ---------------------------------------------------------------------
 Center     Atomic      Atomic             Coordinates (Angstroms)
 Number     Number       Type             X           Y           Z
 ---------------------------------------------------------------------
      1          6           0       -1.221100   -0.705000    0.000000
      2          1           0       -2.052480   -1.185000    0.000000
      3          6           0        0.000000   -1.410000    0.000000
      4          1           0        0.000000   -2.370000    0.000000
      5          6           0        1.221100   -0.705000    0.000000
      6          1           0        2.052480   -1.185000    0.000000
      7          6           0       -1.221100    0.705000    0.000000
      8          1           0       -2.052480    1.185000    0.000000
      9          6           0        0.000000    1.410000    0.000000
     10          1           0        0.000000    2.370000    0.000000
     11          6           0        1.221100    0.705000    0.000000
     12          1           0        2.052480    1.185000    0.000000
     13          6           0        0.000000   -1.410000    6.000000
     14          1           0        0.000000   -2.370000    6.000000
     15          6           0        1.221100   -0.705000    6.000000
     16          1           0        2.052480   -1.185000    6.000000
     17          6           0        1.221100    0.705000    6.000000
     18          1           0        2.052480    1.185000    6.000000
     19          6           0       -1.221100   -0.705000    6.000000
     20          1           0       -2.052480   -1.185000    6.000000
     21          6           0       -1.221100    0.705000    6.000000
     22          1           0       -2.052480    1.185000    6.000000
     23          6           0        0.000000    1.410000    6.000000
     24          1           0        0.000000    2.370000    6.000000
 ---------------------------------------------------------------------
                    Distance matrix (angstroms):
                    1          2          3          4          5
     1  C    0.000000
     2  H    0.959996   0.000000
     3  C    1.410004   2.064776   0.000000
     4  H    2.064778   2.370000   0.960000   0.000000
     5  C    2.442200   3.308584   1.410004   2.064778   0.000000
     6  H    3.308584   4.104960   2.064776   2.370000   0.959996
     7  C    1.410000   2.064774   2.442194   3.308581   2.820007
     8  H    2.064774   2.370000   3.308580   4.104960   3.780003
     9  C    2.442194   3.308580   2.820000   3.780000   2.442194
    10  H    3.308581   4.104960   3.780000   4.740000   3.308581
    11  C    2.820007   3.780003   2.442194   3.308581   1.410000
    12  H    3.780003   4.740000   3.308580   4.104960   2.064774
    13  C    6.163450   6.345337   6.000000   6.076315   6.163450
    14  H    6.345338   6.451116   6.076315   6.000000   6.345338
    15  C    6.477989   6.851768   6.163450   6.345338   6.000000
    16  H    6.851768   7.269848   6.345337   6.451116   6.076314
    17  C    6.629664   7.091433   6.477987   6.851767   6.163449
    18  H    7.091433   7.646411   6.851766   7.269849   6.345336
    19  C    6.000000   6.076314   6.163450   6.345338   6.477989
    20  H    6.076314   6.000000   6.345337   6.451116   6.851768
    21  C    6.163449   6.345336   6.477987   6.851767   6.629664
    22  H    6.345336   6.451116   6.851766   7.269849   7.091433
    23  C    6.477987   6.851766   6.629661   7.091431   6.477987
    24  H    6.851767   7.269849   7.091431   7.646411   6.851767
                    6          7          8          9         10
     6  H    0.000000
     7  C    3.780003   0.000000
     8  H    4.740000   0.959996   0.000000
     9  C    3.308580   1.410004   2.064776   0.000000
    10  H    4.104960   2.064778   2.370000   0.960000   0.000000
    11  C    2.064774   2.442200   3.308584   1.410004   2.064778
    12  H    2.370000   3.308584   4.104960   2.064776   2.370000
    13  C    6.345337   6.477987   6.851766   6.629661   7.091431
    14  H    6.451116   6.851767   7.269849   7.091431   7.646411
    15  C    6.076314   6.629664   7.091433   6.477987   6.851767
    16  H    6.000000   7.091433   7.646411   6.851766   7.269849
    17  C    6.345336   6.477989   6.851768   6.163450   6.345338
    18  H    6.451116   6.851768   7.269848   6.345337   6.451116
    19  C    6.851768   6.163449   6.345336   6.477987   6.851767
    20  H    7.269848   6.345336   6.451116   6.851766   7.269849
    21  C    7.091433   6.000000   6.076314   6.163450   6.345338
    22  H    7.646411   6.076314   6.000000   6.345337   6.451116
    23  C    6.851766   6.163450   6.345337   6.000000   6.076315
    24  H    7.269849   6.345338   6.451116   6.076315   6.000000
                   11         12         13         14         15
    11  C    0.000000
    12  H    0.959996   0.000000
    13  C    6.477987   6.851766   0.000000
    14  H    6.851767   7.269849   0.960000   0.000000
    15  C    6.163449   6.345336   1.410004   2.064778   0.000000
    16  H    6.345336   6.451116   2.064776   2.370000   0.959996
    17  C    6.000000   6.076314   2.442194   3.308581   1.410000
    18  H    6.076314   6.000000   3.308580   4.104960   2.064774
    19  C    6.629664   7.091433   1.410004   2.064778   2.442200
    20  H    7.091433   7.646411   2.064776   2.370000   3.308584
    21  C    6.477989   6.851768   2.442194   3.308581   2.820007
    22  H    6.851768   7.269848   3.308580   4.104960   3.780003
    23  C    6.163450   6.345337   2.820000   3.780000   2.442194
    24  H    6.345338   6.451116   3.780000   4.740000   3.308581
                   16         17         18         19         20
    16  H    0.000000
    17  C    2.064774   0.000000
    18  H    2.370000   0.959996   0.000000
    19  C    3.308584   2.820007   3.780003   0.000000
    20  H    4.104960   3.780003   4.740000   0.959996   0.000000
    21  C    3.780003   2.442200   3.308584   1.410000   2.064774
    22  H    4.740000   3.308584   4.104960   2.064774   2.370000
    23  C    3.308580   1.410004   2.064776   2.442194   3.308580
    24  H    4.104960   2.064778   2.370000   3.308581   4.104960
                   21         22         23         24
    21  C    0.000000
    22  H    0.959996   0.000000
    23  C    1.410004   2.064776   0.000000
    24  H    2.064778   2.370000   0.960000   0.000000
 Stoichiometry    C12H12
 Framework group  D2H[SG(C4H4),X(C8H8)]
 Deg. of freedom    10
 Full point group                 D2H     NOp   8
 Largest Abelian subgroup         D2H     NOp   8
 Largest concise Abelian subgroup D2H     NOp   8
                         Standard orientation:                         
 ---------------------------------------------------------------------
 Center     Atomic      Atomic             Coordinates (Angstroms)
 Number     Number       Type             X           Y           Z
 ---------------------------------------------------------------------
      1          6           0       -1.221100    0.705000    3.000000
      2          1           0       -2.052480    1.185000    3.000000
      3          6           0        0.000000    1.410000    3.000000
      4          1           0        0.000000    2.370000    3.000000
      5          6           0        1.221100    0.705000    3.000000
      6          1           0        2.052480    1.185000    3.000000
      7          6           0       -1.221100   -0.705000    3.000000
      8          1           0       -2.052480   -1.185000    3.000000
      9          6           0       -0.000000   -1.410000    3.000000
     10          1           0       -0.000000   -2.370000    3.000000
     11          6           0        1.221100   -0.705000    3.000000
     12          1           0        2.052480   -1.185000    3.000000
     13          6           0        0.000000    1.410000   -3.000000
     14          1           0        0.000000    2.370000   -3.000000
     15          6           0        1.221100    0.705000   -3.000000
     16          1           0        2.052480    1.185000   -3.000000
     17          6           0        1.221100   -0.705000   -3.000000
     18          1           0        2.052480   -1.185000   -3.000000
     19          6           0       -1.221100    0.705000   -3.000000
     20          1           0       -2.052480    1.185000   -3.000000
     21          6           0       -1.221100   -0.705000   -3.000000
     22          1           0       -2.052480   -1.185000   -3.000000
     23          6           0       -0.000000   -1.410000   -3.000000
     24          1           0       -0.000000   -2.370000   -3.000000
 ---------------------------------------------------------------------
 Rotational constants (GHZ):           1.4267473           0.3194652           0.3194650
 Standard basis: 6-31G(d) (6D, 7F)
 There are    30 symmetry adapted cartesian basis functions of AG  symmetry.
 There are    21 symmetry adapted cartesian basis functions of B1G symmetry.
 There are    21 symmetry adapted cartesian basis functions of B2G symmetry.
 There are    30 symmetry adapted cartesian basis functions of B3G symmetry.
 There are    21 symmetry adapted cartesian basis functions of AU  symmetry.
 There are    30 symmetry adapted cartesian basis functions of B1U symmetry.
 There are    30 symmetry adapted cartesian basis functions of B2U symmetry.
 There are    21 symmetry adapted cartesian basis functions of B3U symmetry.
 There are    30 symmetry adapted basis functions of AG  symmetry.
 There are    21 symmetry adapted basis functions of B1G symmetry.
 There are    21 symmetry adapted basis functions of B2G symmetry.
 There are    30 symmetry adapted basis functions of B3G symmetry.
 There are    21 symmetry adapted basis functions of AU  symmetry.
 There are    30 symmetry adapted basis functions of B1U symmetry.
 There are    30 symmetry adapted basis functions of B2U symmetry.
 There are    21 symmetry adapted basis functions of B3U symmetry.
   204 basis functions,   384 primitive gaussians,   204 cartesian basis functions
    42 alpha electrons       42 beta electrons
       nuclear repulsion energy       557.1176016318 Hartrees.
 NAtoms=   24 NActive=   24 NUniq=    4 SFac= 4.00D+00 NAtFMM=   60 NAOKFM=F Big=F
 Integral buffers will be    131072 words long.
 Raffenetti 2 integral format.
 Two-electron integral symmetry is turned on.
 Nuclear repulsion after empirical dispersion term =      557.1082854480 Hartrees.
 One-electron integrals computed using PRISM.
 NBasis=   204 RedAO= T EigKep=  5.33D-04  NBF=    30    21    21    30    21    30    30    21
 NBsUse=   204 1.00D-06 EigRej= -1.00D+00 NBFU=    30    21    21    30    21    30    30    21
 ExpMin= 1.61D-01 ExpMax= 3.05D+03 ExpMxC= 4.57D+02 IAcc=3 IRadAn=         5 AccDes= 0.00D+00
 Harris functional with IExCor= 4639 and IRadAn=       5 diagonalized for initial guess.
 HarFok:  IExCor= 4639 AccDes= 0.00D+00 IRadAn=         5 IDoV= 1 UseB2=F ITyADJ=14
 ICtDFT=  3500011 ScaDFX=  1.000000  1.000000  1.000000  1.000000
 FoFCou: FMM=F IPFlag=           0 FMFlag=      100000 FMFlg1=           0
         NFxFlg=           0 DoJE=T BraDBF=F KetDBF=T FulRan=T
         wScrn=  0.000000 ICntrl=       500 IOpCl=  0 I1Cent=   200000004 NGrid=           0
         NMat0=    1 NMatS0=      1 NMatT0=    0 NMatD0=    1 NMtDS0=    0 NMtDT0=    0
 Petite list used in FoFCou.
 Initial guess orbital symmetries:
       Occupied  (B1U) (AG) (B2G) (B3U) (B3G) (B2U) (AU) (B1G)
                 (B1U) (AG) (B3G) (B2U) (AG) (B1U) (B3U) (B2U)
                 (B2G) (B3G) (B1G) (AG) (AU) (B1U) (AG) (B1U) (B2U)
                 (B3G) (B3U) (B2G) (B2U) (B3U) (B3G) (B2G) (AG)
                 (B1G) (B1U) (AU) (AG) (B1U) (B3U) (B2U) (B2G)
                 (B3G)
       Virtual   (AG) (B1G) (B1U) (AU) (B2U) (B3G) (AG) (B1U) (B2U)
                 (B3U) (B3G) (B2G) (AG) (B1G) (B1U) (AU) (B2U)
                 (B3G) (B2U) (B3U) (B3G) (B2G) (AG) (B1G) (B1U)
                 (AU) (B3U) (B2G) (AG) (B1U) (AG) (B1U) (B1G) (AU)
                 (B2U) (B3G) (AG) (AG) (B1G) (B1U) (AU) (B1U) (B3U)
                 (B2U) (B2G) (B3G) (B3U) (B2U) (B2G) (B3G) (B1G)
                 (AG) (AU) (B1U) (B2U) (B3G) (B2U) (B3G) (B3U)
                 (B2U) (B2G) (B3G) (AG) (B1G) (B1U) (AU) (B1G)
                 (AU) (B2U) (B3U) (B3G) (B2G) (AG) (B1U) (AG) (B1G)
                 (B1U) (AU) (B2U) (B3U) (B3G) (B2G) (B2U) (B3G)
                 (B3U) (B2G) (AG) (B1U) (B1G) (AG) (AU) (B1U) (B3U)
                 (B2U) (B2G) (B3G) (AG) (B1G) (B1U) (AU) (B3U)
                 (B2G) (AG) (B1U) (B2U) (B3G) (AG) (B1U) (B1G)
                 (AG) (AU) (B1U) (B2U) (B3U) (B3G) (B2G) (AG) (B1G)
                 (B1U) (AU) (B2U) (B3U) (B3G) (B2G) (B2U) (B3G)
                 (B3U) (B2U) (B2G) (B3G) (AG) (B1G) (B1U) (AU)
                 (AU) (B1G) (B2U) (B3U) (B3G) (B2G) (AG) (B1G)
                 (B1U) (AU) (B2U) (B3G) (B1G) (AU) (B2U) (B3G)
                 (AG) (B1U) (B2U) (B3U) (B3G) (B2G) (B1G) (AG)
                 (AU) (B1U) (B2U) (B3G)
 The electronic state of the initial guess is 1-AG.
 Keep R1 ints in memory in symmetry-blocked form, NReq=492053055.
 Requested convergence on RMS density matrix=1.00D-08 within 128 cycles.
 Requested convergence on MAX density matrix=1.00D-06.
 Requested convergence on             energy=1.00D-06.
 No special actions if energy rises.
 Integral accuracy reduced to 1.0D-05 until final iterations.
 Initial convergence to 1.0D-05 achieved.  Increase integral accuracy.
 SCF Done:  E(RwB97XD) =  -464.165296739     A.U. after   10 cycles
            NFock= 10  Conv=0.97D-08     -V/T= 2.0050

 **********************************************************************

            Population analysis using the SCF density.

 **********************************************************************

 Orbital symmetries:
       Occupied  (B1U) (AG) (B3G) (B2U) (B2G) (B3U) (B1U) (AG)
                 (AU) (B1G) (B3G) (B2U) (AG) (B1U) (B3U) (B2U)
                 (B2G) (B3G) (B1G) (AG) (AU) (B1U) (AG) (B1U) (B2U)
                 (B3G) (B3U) (B2G) (B3U) (B2U) (B2G) (B3G) (AG)
                 (B1U) (AG) (B1G) (B1U) (AU) (B3U) (B2U) (B2G)
                 (B3G)
       Virtual   (AG) (B1G) (B1U) (AU) (AG) (B1U) (B2U) (B3G) (B2U)
                 (B3U) (B3G) (B2G) (AG) (B1G) (B1U) (AU) (B2U)
                 (B3G) (B3U) (B2U) (B2G) (B3G) (AG) (B1G) (B1U)
                 (AU) (B3U) (B2G) (AG) (B1U) (AG) (B1U) (B2U) (B3G)
                 (B1G) (AU) (AG) (B1U) (AG) (B1G) (B1U) (AU) (B3U)
                 (B2U) (B2G) (B3G) (B2U) (B3U) (B3G) (B2G) (B1G)
                 (AG) (AU) (B1U) (B2U) (B3G) (B2U) (B3G) (B3U)
                 (B2U) (B2G) (B3G) (AG) (B1G) (B1U) (AU) (B1G)
                 (AU) (B2U) (B3U) (B3G) (B2G) (AG) (B1U) (AG) (B1G)
                 (B1U) (AU) (B2U) (B3U) (B3G) (B2G) (B2U) (B3G)
                 (B2G) (B3U) (AG) (B1U) (B1G) (AG) (AU) (B1U) (B3U)
                 (B2U) (B2G) (B3G) (AG) (B1G) (B1U) (AU) (AG) (B1U)
                 (B3U) (B2G) (B2U) (B3G) (AG) (B1U) (AG) (B1G)
                 (B1U) (AU) (B2U) (B3U) (B3G) (B2G) (AG) (B1G)
                 (B1U) (AU) (B2U) (B3U) (B3G) (B2G) (B2U) (B3G)
                 (B3U) (B2U) (B2G) (B3G) (B1G) (AG) (AU) (B1U)
                 (AU) (B1G) (B3U) (B2U) (B2G) (B3G) (AG) (B1G)
                 (B1U) (AU) (B2U) (B3G) (B1G) (AU) (B2U) (B3G)
                 (AG) (B1U) (B3U) (B2U) (B2G) (B3G) (B1G) (AG)
                 (AU) (B1U) (B2U) (B3G)
 The electronic state is 1-AG.
 Alpha  occ. eigenvalues --  -10.28284 -10.28284 -10.28260 -10.28260 -10.28260
 Alpha  occ. eigenvalues --  -10.28260 -10.28207 -10.28207 -10.28207 -10.28207
 Alpha  occ. eigenvalues --  -10.28183 -10.28183  -0.93947  -0.93946  -0.84270
 Alpha  occ. eigenvalues --   -0.84270  -0.84269  -0.84269  -0.70654  -0.70654
 Alpha  occ. eigenvalues --   -0.70654  -0.70654  -0.62625  -0.62624  -0.58603
 Alpha  occ. eigenvalues --   -0.58602  -0.51401  -0.51401  -0.51197  -0.51197
 Alpha  occ. eigenvalues --   -0.51197  -0.51197  -0.43786  -0.43761  -0.42724
 Alpha  occ. eigenvalues --   -0.42724  -0.42723  -0.42723  -0.31421  -0.31421
 Alpha  occ. eigenvalues --   -0.31400  -0.31400
 Alpha virt. eigenvalues --    0.07550   0.07550   0.07575   0.07575   0.22152
 Alpha virt. eigenvalues --    0.22163   0.24505   0.24528   0.26872   0.26872
 Alpha virt. eigenvalues --    0.26885   0.26885   0.28918   0.28918   0.28928
 Alpha virt. eigenvalues --    0.28928   0.31676   0.31690   0.39404   0.39404
 Alpha virt. eigenvalues --    0.39407   0.39407   0.39665   0.39665   0.39673
 Alpha virt. eigenvalues --    0.39673   0.57054   0.57065   0.62397   0.62582
 Alpha virt. eigenvalues --    0.62601   0.62644   0.63990   0.64000   0.64234
 Alpha virt. eigenvalues --    0.64236   0.67933   0.67969   0.69863   0.69863
 Alpha virt. eigenvalues --    0.69873   0.69873   0.70032   0.70032   0.70240
 Alpha virt. eigenvalues --    0.70240   0.72608   0.72608   0.72635   0.72635
 Alpha virt. eigenvalues --    0.76644   0.76644   0.76813   0.76813   0.84550
 Alpha virt. eigenvalues --    0.84704   0.98708   0.98714   1.01733   1.01733
 Alpha virt. eigenvalues --    1.01753   1.01753   1.03941   1.03941   1.03952
 Alpha virt. eigenvalues --    1.03952   1.06132   1.06138   1.07518   1.07518
 Alpha virt. eigenvalues --    1.07526   1.07526   1.14537   1.14548   1.15281
 Alpha virt. eigenvalues --    1.15281   1.15314   1.15314   1.22767   1.22768
 Alpha virt. eigenvalues --    1.22789   1.22790   1.31918   1.31945   1.35182
 Alpha virt. eigenvalues --    1.35182   1.47544   1.47545   1.56912   1.56913
 Alpha virt. eigenvalues --    1.56915   1.56915   1.58974   1.58974   1.58977
 Alpha virt. eigenvalues --    1.58977   1.59626   1.59626   1.59658   1.59658
 Alpha virt. eigenvalues --    1.85172   1.85183   1.86468   1.86473   2.07006
 Alpha virt. eigenvalues --    2.07060   2.11422   2.11429   2.15079   2.15079
 Alpha virt. eigenvalues --    2.15086   2.15086   2.20742   2.20742   2.20766
 Alpha virt. eigenvalues --    2.20766   2.22205   2.22206   2.22234   2.22235
 Alpha virt. eigenvalues --    2.25255   2.25256   2.25266   2.25267   2.38110
 Alpha virt. eigenvalues --    2.38140   2.38603   2.38604   2.38611   2.38612
 Alpha virt. eigenvalues --    2.66369   2.66369   2.66398   2.66398   2.72045
 Alpha virt. eigenvalues --    2.72045   2.79396   2.79396   2.79399   2.79399
 Alpha virt. eigenvalues --    2.87738   2.87738   2.87740   2.87741   2.89775
 Alpha virt. eigenvalues --    2.89842   3.08606   3.08608   3.58232   3.58242
 Alpha virt. eigenvalues --    4.20639   4.20657   4.24641   4.24641   4.24667
 Alpha virt. eigenvalues --    4.24667   4.46082   4.46082   4.46101   4.46102
 Alpha virt. eigenvalues --    4.79300   4.79329
          Condensed to atoms (all electrons):
               1          2          3          4          5          6
     1  C    4.853374   0.386553   0.548831  -0.048206  -0.029351   0.005250
     2  H    0.386553   0.556603  -0.048208  -0.006208   0.005250  -0.000211
     3  C    0.548831  -0.048208   4.853392   0.386556   0.548831  -0.048208
     4  H   -0.048206  -0.006208   0.386556   0.556593  -0.048206  -0.006208
     5  C   -0.029351   0.005250   0.548831  -0.048206   4.853374   0.386553
     6  H    0.005250  -0.000211  -0.048208  -0.006208   0.386553   0.556603
     7  C    0.548825  -0.048209  -0.029351   0.005250  -0.038283   0.000444
     8  H   -0.048209  -0.006207   0.005250  -0.000211   0.000444   0.000019
     9  C   -0.029351   0.005250  -0.038283   0.000444  -0.029351   0.005250
    10  H    0.005250  -0.000211   0.000444   0.000019   0.005250  -0.000211
    11  C   -0.038283   0.000444  -0.029351   0.005250   0.548825  -0.048209
    12  H    0.000444   0.000019   0.005250  -0.000211  -0.048209  -0.006207
    13  C    0.000000   0.000000   0.000000   0.000000   0.000000   0.000000
    14  H    0.000000  -0.000000   0.000000   0.000000   0.000000  -0.000000
    15  C   -0.000000  -0.000000   0.000000   0.000000   0.000000   0.000000
    16  H   -0.000000  -0.000000   0.000000  -0.000000   0.000000   0.000000
    17  C   -0.000000  -0.000000  -0.000000  -0.000000   0.000000   0.000000
    18  H   -0.000000  -0.000000  -0.000000  -0.000000   0.000000  -0.000000
    19  C    0.000000   0.000000   0.000000   0.000000  -0.000000  -0.000000
    20  H    0.000000   0.000000   0.000000  -0.000000  -0.000000  -0.000000
    21  C    0.000000   0.000000  -0.000000  -0.000000  -0.000000  -0.000000
    22  H    0.000000  -0.000000  -0.000000  -0.000000  -0.000000  -0.000000
    23  C   -0.000000  -0.000000  -0.000000  -0.000000  -0.000000  -0.000000
    24  H   -0.000000  -0.000000  -0.000000  -0.000000  -0.000000  -0.000000
               7          8          9         10         11         12
     1  C    0.548825  -0.048209  -0.029351   0.005250  -0.038283   0.000444
     2  H   -0.048209  -0.006207   0.005250  -0.000211   0.000444   0.000019
     3  C   -0.029351   0.005250  -0.038283   0.000444  -0.029351   0.005250
     4  H    0.005250  -0.000211   0.000444   0.000019   0.005250  -0.000211
     5  C   -0.038283   0.000444  -0.029351   0.005250   0.548825  -0.048209
     6  H    0.000444   0.000019   0.005250  -0.000211  -0.048209  -0.006207
     7  C    4.853374   0.386553   0.548831  -0.048206  -0.029351   0.005250
     8  H    0.386553   0.556603  -0.048208  -0.006208   0.005250  -0.000211
     9  C    0.548831  -0.048208   4.853392   0.386556   0.548831  -0.048208
    10  H   -0.048206  -0.006208   0.386556   0.556593  -0.048206  -0.006208
    11  C   -0.029351   0.005250   0.548831  -0.048206   4.853374   0.386553
    12  H    0.005250  -0.000211  -0.048208  -0.006208   0.386553   0.556603
    13  C   -0.000000  -0.000000  -0.000000  -0.000000  -0.000000  -0.000000
    14  H   -0.000000  -0.000000  -0.000000  -0.000000  -0.000000  -0.000000
    15  C   -0.000000  -0.000000  -0.000000  -0.000000   0.000000   0.000000
    16  H   -0.000000  -0.000000  -0.000000  -0.000000   0.000000  -0.000000
    17  C   -0.000000  -0.000000   0.000000   0.000000   0.000000   0.000000
    18  H   -0.000000  -0.000000   0.000000  -0.000000   0.000000   0.000000
    19  C    0.000000   0.000000  -0.000000  -0.000000  -0.000000  -0.000000
    20  H    0.000000  -0.000000  -0.000000  -0.000000  -0.000000  -0.000000
    21  C    0.000000   0.000000   0.000000   0.000000  -0.000000  -0.000000
    22  H    0.000000   0.000000   0.000000  -0.000000  -0.000000  -0.000000
    23  C    0.000000   0.000000   0.000000   0.000000   0.000000   0.000000
    24  H    0.000000  -0.000000   0.000000   0.000000   0.000000  -0.000000
              13         14         15         16         17         18
     1  C    0.000000   0.000000  -0.000000  -0.000000  -0.000000  -0.000000
     2  H    0.000000  -0.000000  -0.000000  -0.000000  -0.000000  -0.000000
     3  C    0.000000   0.000000   0.000000   0.000000  -0.000000  -0.000000
     4  H    0.000000   0.000000   0.000000  -0.000000  -0.000000  -0.000000
     5  C    0.000000   0.000000   0.000000   0.000000   0.000000   0.000000
     6  H    0.000000  -0.000000   0.000000   0.000000   0.000000  -0.000000
     7  C   -0.000000  -0.000000  -0.000000  -0.000000  -0.000000  -0.000000
     8  H   -0.000000  -0.000000  -0.000000  -0.000000  -0.000000  -0.000000
     9  C   -0.000000  -0.000000  -0.000000  -0.000000   0.000000   0.000000
    10  H   -0.000000  -0.000000  -0.000000  -0.000000   0.000000  -0.000000
    11  C   -0.000000  -0.000000   0.000000   0.000000   0.000000   0.000000
    12  H   -0.000000  -0.000000   0.000000  -0.000000   0.000000   0.000000
    13  C    4.853392   0.386556   0.548831  -0.048208  -0.029351   0.005250
    14  H    0.386556   0.556593  -0.048206  -0.006208   0.005250  -0.000211
    15  C    0.548831  -0.048206   4.853374   0.386553   0.548825  -0.048209
    16  H   -0.048208  -0.006208   0.386553   0.556603  -0.048209  -0.006207
    17  C   -0.029351   0.005250   0.548825  -0.048209   4.853374   0.386553
    18  H    0.005250  -0.000211  -0.048209  -0.006207   0.386553   0.556603
    19  C    0.548831  -0.048206  -0.029351   0.005250  -0.038283   0.000444
    20  H   -0.048208  -0.006208   0.005250  -0.000211   0.000444   0.000019
    21  C   -0.029351   0.005250  -0.038283   0.000444  -0.029351   0.005250
    22  H    0.005250  -0.000211   0.000444   0.000019   0.005250  -0.000211
    23  C   -0.038283   0.000444  -0.029351   0.005250   0.548831  -0.048208
    24  H    0.000444   0.000019   0.005250  -0.000211  -0.048206  -0.006208
              19         20         21         22         23         24
     1  C    0.000000   0.000000   0.000000   0.000000  -0.000000  -0.000000
     2  H    0.000000   0.000000   0.000000  -0.000000  -0.000000  -0.000000
     3  C    0.000000   0.000000  -0.000000  -0.000000  -0.000000  -0.000000
     4  H    0.000000  -0.000000  -0.000000  -0.000000  -0.000000  -0.000000
     5  C   -0.000000  -0.000000  -0.000000  -0.000000  -0.000000  -0.000000
     6  H   -0.000000  -0.000000  -0.000000  -0.000000  -0.000000  -0.000000
     7  C    0.000000   0.000000   0.000000   0.000000   0.000000   0.000000
     8  H    0.000000  -0.000000   0.000000   0.000000   0.000000  -0.000000
     9  C   -0.000000  -0.000000   0.000000   0.000000   0.000000   0.000000
    10  H   -0.000000  -0.000000   0.000000  -0.000000   0.000000   0.000000
    11  C   -0.000000  -0.000000  -0.000000  -0.000000   0.000000   0.000000
    12  H   -0.000000  -0.000000  -0.000000  -0.000000   0.000000  -0.000000
    13  C    0.548831  -0.048208  -0.029351   0.005250  -0.038283   0.000444
    14  H   -0.048206  -0.006208   0.005250  -0.000211   0.000444   0.000019
    15  C   -0.029351   0.005250  -0.038283   0.000444  -0.029351   0.005250
    16  H    0.005250  -0.000211   0.000444   0.000019   0.005250  -0.000211
    17  C   -0.038283   0.000444  -0.029351   0.005250   0.548831  -0.048206
    18  H    0.000444   0.000019   0.005250  -0.000211  -0.048208  -0.006208
    19  C    4.853374   0.386553   0.548825  -0.048209  -0.029351   0.005250
    20  H    0.386553   0.556603  -0.048209  -0.006207   0.005250  -0.000211
    21  C    0.548825  -0.048209   4.853374   0.386553   0.548831  -0.048206
    22  H   -0.048209  -0.006207   0.386553   0.556603  -0.048208  -0.006208
    23  C   -0.029351   0.005250   0.548831  -0.048208   4.853392   0.386556
    24  H    0.005250  -0.000211  -0.048206  -0.006208   0.386556   0.556593
 Mulliken charges:
               1
     1  C   -0.155127
     2  H    0.155135
     3  C   -0.155153
     4  H    0.155138
     5  C   -0.155127
     6  H    0.155135
     7  C   -0.155127
     8  H    0.155135
     9  C   -0.155153
    10  H    0.155138
    11  C   -0.155127
    12  H    0.155135
    13  C   -0.155153
    14  H    0.155138
    15  C   -0.155127
    16  H    0.155135
    17  C   -0.155127
    18  H    0.155135
    19  C   -0.155127
    20  H    0.155135
    21  C   -0.155127
    22  H    0.155135
    23  C   -0.155153
    24  H    0.155138
 Sum of Mulliken charges =  -0.00000
 Mulliken charges with hydrogens summed into heavy atoms:
               1
     1  C    0.000008
     3  C   -0.000015
     5  C    0.000008
     7  C    0.000008
     9  C   -0.000015
    11  C    0.000008
    13  C   -0.000015
    15  C    0.000008
    17  C    0.000008
    19  C    0.000008
    21  C    0.000008
    23  C   -0.000015
 Electronic spatial extent (au):  <R**2>=           3598.8529
 Charge=             -0.0000 electrons
 Dipole moment (field-independent basis, Debye):
    X=              0.0000    Y=             -0.0000    Z=             -0.0000  Tot=              0.0000
 Quadrupole moment (field-independent basis, Debye-Ang):
   XX=            -60.7375   YY=            -60.7376   ZZ=            -76.5849
   XY=             -0.0000   XZ=             -0.0000   YZ=             -0.0000
 Traceless Quadrupole moment (field-independent basis, Debye-Ang):
   XX=              5.2825   YY=              5.2824   ZZ=            -10.5649
   XY=             -0.0000   XZ=             -0.0000   YZ=             -0.0000
 Octapole moment (field-independent basis, Debye-Ang**2):
  XXX=             -0.0000  YYY=             -0.0000  ZZZ=              0.0000  XYY=             -0.0000
  XXY=             -0.0000  XXZ=             -0.0000  XZZ=             -0.0000  YZZ=             -0.0000
  YYZ=             -0.0000  XYZ=             -0.0000
 Hexadecapole moment (field-independent basis, Debye-Ang**3):
 XXXX=           -509.7311 YYYY=           -509.7290 ZZZZ=          -4201.9662 XXXY=              0.0000
 XXXZ=              0.0000 YYYX=              0.0000 YYYZ=              0.0000 ZZZX=              0.0000
 ZZZY=             -0.0000 XXYY=           -169.9102 XXZZ=           -661.7210 YYZZ=           -661.7219
 XXYZ=             -0.0000 YYXZ=              0.0000 ZZXY=             -0.0000
 N-N= 5.571082854480D+02 E-N=-2.190330510792D+03  KE= 4.618776062729D+02
 Symmetry AG   KE= 7.625864461394D+01
 Symmetry B1G  KE= 3.769516774703D+01
 Symmetry B2G  KE= 4.258841548482D+01
 Symmetry B3G  KE= 7.439808921370D+01
 Symmetry AU   KE= 3.769531342550D+01
 Symmetry B1U  KE= 7.626212600142D+01
 Symmetry B2U  KE= 7.439474689439D+01
 Symmetry B3U  KE= 4.258510289212D+01
 1\1\GINC-PADAWAN-42\SP\RwB97XD\6-31G(d)\C12H12\PADAWAN\29-Mar-2022\0\\
 #n wB97xd/6-31G(d) SP\\Title\\0,1\C,0,-1.2211,-0.705,0.\H,0,-2.05248,-
 1.185,0.\C,0,0.,-1.41,0.\H,0,0.,-2.37,0.\C,0,1.2211,-0.705,0.\H,0,2.05
 248,-1.185,0.\C,0,-1.2211,0.705,0.\H,0,-2.05248,1.185,0.\C,0,0.,1.41,0
 .\H,0,0.,2.37,0.\C,0,1.2211,0.705,0.\H,0,2.05248,1.185,0.\C,0,0.,-1.41
 ,6.\H,0,0.,-2.37,6.\C,0,1.2211,-0.705,6.\H,0,2.05248,-1.185,6.\C,0,1.2
 211,0.705,6.\H,0,2.05248,1.185,6.\C,0,-1.2211,-0.705,6.\H,0,-2.05248,-
 1.185,6.\C,0,-1.2211,0.705,6.\H,0,-2.05248,1.185,6.\C,0,0.,1.41,6.\H,0
 ,0.,2.37,6.\\Version=ES64L-G16RevA.03\State=1-AG\HF=-464.1652967\RMSD=
 9.734e-09\Dipole=0.,0.,0.\Quadrupole=3.9274298,3.92734,-7.8547698,0.,0
 .,0.\PG=D02H [SG(C4H4),X(C8H8)]\\@


 REVOLUTIONS HAVE NEVER LIGHTENED THE BURDEN OF TYRANNY:
 THEY HAVE MERELY SHIFTED IT TO OTHER SHOULDERS.
                                   -- G. B. SHAW (1903)
 Job cpu time:       0 days  0 hours  2 minutes  3.4 seconds.
 Elapsed time:       0 days  0 hours  0 minutes  4.2 seconds.
 File lengths (MBytes):  RWF=     23 Int=      0 D2E=      0 Chk=      4 Scr=      1
 Normal termination of Gaussian 16 at Tue Mar 29 10:07:58 2022.
