 Entering Gaussian System, Link 0=g16
 Input=Benzeno90.com
 Output=Benzeno90.log
 Initial command:
 /usr/local/g16/l1.exe "/home/padawan/ingrid/Gau-81166.inp" -scrdir="/home/padawan/ingrid/"
 Entering Link 1 = /usr/local/g16/l1.exe PID=     81168.
  
 Copyright (c) 1988,1990,1992,1993,1995,1998,2003,2009,2016,
            Gaussian, Inc.  All Rights Reserved.
  
 This is part of the Gaussian(R) 16 program.  It is based on
 the Gaussian(R) 09 system (copyright 2009, Gaussian, Inc.),
 the Gaussian(R) 03 system (copyright 2003, Gaussian, Inc.),
 the Gaussian(R) 98 system (copyright 1998, Gaussian, Inc.),
 the Gaussian(R) 94 system (copyright 1995, Gaussian, Inc.),
 the Gaussian 92(TM) system (copyright 1992, Gaussian, Inc.),
 the Gaussian 90(TM) system (copyright 1990, Gaussian, Inc.),
 the Gaussian 88(TM) system (copyright 1988, Gaussian, Inc.),
 the Gaussian 86(TM) system (copyright 1986, Carnegie Mellon
 University), and the Gaussian 82(TM) system (copyright 1983,
 Carnegie Mellon University). Gaussian is a federally registered
 trademark of Gaussian, Inc.
  
 This software contains proprietary and confidential information,
 including trade secrets, belonging to Gaussian, Inc.
  
 This software is provided under written license and may be
 used, copied, transmitted, or stored only in accord with that
 written license.
  
 The following legend is applicable only to US Government
 contracts under FAR:
  
                    RESTRICTED RIGHTS LEGEND
  
 Use, reproduction and disclosure by the US Government is
 subject to restrictions as set forth in subparagraphs (a)
 and (c) of the Commercial Computer Software - Restricted
 Rights clause in FAR 52.227-19.
  
 Gaussian, Inc.
 340 Quinnipiac St., Bldg. 40, Wallingford CT 06492
  
  
 ---------------------------------------------------------------
 Warning -- This program may not be used in any manner that
 competes with the business of Gaussian, Inc. or will provide
 assistance to any competitor of Gaussian, Inc.  The licensee
 of this program is prohibited from giving any competitor of
 Gaussian, Inc. access to this program.  By using this program,
 the user acknowledges that Gaussian, Inc. is engaged in the
 business of creating and licensing software in the field of
 computational chemistry and represents and warrants to the
 licensee that it is not a competitor of Gaussian, Inc. and that
 it will not use this program in any manner prohibited above.
 ---------------------------------------------------------------
  

 Cite this work as:
 Gaussian 16, Revision A.03,
 M. J. Frisch, G. W. Trucks, H. B. Schlegel, G. E. Scuseria, 
 M. A. Robb, J. R. Cheeseman, G. Scalmani, V. Barone, 
 G. A. Petersson, H. Nakatsuji, X. Li, M. Caricato, A. V. Marenich, 
 J. Bloino, B. G. Janesko, R. Gomperts, B. Mennucci, H. P. Hratchian, 
 J. V. Ortiz, A. F. Izmaylov, J. L. Sonnenberg, D. Williams-Young, 
 F. Ding, F. Lipparini, F. Egidi, J. Goings, B. Peng, A. Petrone, 
 T. Henderson, D. Ranasinghe, V. G. Zakrzewski, J. Gao, N. Rega, 
 G. Zheng, W. Liang, M. Hada, M. Ehara, K. Toyota, R. Fukuda, 
 J. Hasegawa, M. Ishida, T. Nakajima, Y. Honda, O. Kitao, H. Nakai, 
 T. Vreven, K. Throssell, J. A. Montgomery, Jr., J. E. Peralta, 
 F. Ogliaro, M. J. Bearpark, J. J. Heyd, E. N. Brothers, K. N. Kudin, 
 V. N. Staroverov, T. A. Keith, R. Kobayashi, J. Normand, 
 K. Raghavachari, A. P. Rendell, J. C. Burant, S. S. Iyengar, 
 J. Tomasi, M. Cossi, J. M. Millam, M. Klene, C. Adamo, R. Cammi, 
 J. W. Ochterski, R. L. Martin, K. Morokuma, O. Farkas, 
 J. B. Foresman, and D. J. Fox, Gaussian, Inc., Wallingford CT, 2016.
 
 ******************************************
 Gaussian 16:  ES64L-G16RevA.03 25-Dec-2016
                29-Mar-2022 
 ******************************************
 %nproc=30
 Will use up to   30 processors via shared memory.
 %mem=28GB
 %Chk=Benzeno90.chk
 ---------------------
 #n wB97xd/6-31G(d) SP
 ---------------------
 1/38=1,172=1/1;
 2/12=2,17=6,18=5,40=1/2;
 3/5=1,6=6,7=1,11=2,25=1,30=1,74=-58/1,2,3;
 4//1;
 5/5=2,38=5/2;
 6/7=2,8=2,9=2,10=2,28=1/1;
 99/5=1,9=1/99;
 -----
 Title
 -----
 Symbolic Z-matrix:
 Charge =  0 Multiplicity = 1
 C                    -1.2211   -0.705     0. 
 H                    -2.05248  -1.185     0. 
 C                     0.       -1.41      0. 
 H                     0.       -2.37      0. 
 C                     1.2211   -0.705     0. 
 H                     2.05248  -1.185     0. 
 C                    -1.2211    0.705     0. 
 H                    -2.05248   1.185     0. 
 C                     0.        1.41      0. 
 H                     0.        2.37      0. 
 C                     1.2211    0.705     0. 
 H                     2.05248   1.185     0. 
 C                     0.       -0.705     5.2211 
 H                     0.       -1.185     6.05248 
 C                     0.       -1.41      4. 
 H                     0.       -2.37      4. 
 C                     0.       -0.705     2.7789 
 H                     0.       -1.185     1.94752 
 C                     0.        0.705     5.2211 
 H                     0.        1.185     6.05248 
 C                     0.        1.41      4. 
 H                     0.        2.37      4. 
 C                     0.        0.705     2.7789 
 H                     0.        1.185     1.94752 
 
                          Input orientation:                          
 ---------------------------------------------------------------------
 Center     Atomic      Atomic             Coordinates (Angstroms)
 Number     Number       Type             X           Y           Z
 ---------------------------------------------------------------------
      1          6           0       -1.221100   -0.705000    0.000000
      2          1           0       -2.052480   -1.185000    0.000000
      3          6           0        0.000000   -1.410000    0.000000
      4          1           0        0.000000   -2.370000    0.000000
      5          6           0        1.221100   -0.705000    0.000000
      6          1           0        2.052480   -1.185000    0.000000
      7          6           0       -1.221100    0.705000    0.000000
      8          1           0       -2.052480    1.185000    0.000000
      9          6           0        0.000000    1.410000    0.000000
     10          1           0        0.000000    2.370000    0.000000
     11          6           0        1.221100    0.705000    0.000000
     12          1           0        2.052480    1.185000    0.000000
     13          6           0        0.000000   -0.705000    5.221100
     14          1           0        0.000000   -1.185000    6.052480
     15          6           0        0.000000   -1.410000    4.000000
     16          1           0        0.000000   -2.370000    4.000000
     17          6           0        0.000000   -0.705000    2.778900
     18          1           0        0.000000   -1.185000    1.947520
     19          6           0        0.000000    0.705000    5.221100
     20          1           0        0.000000    1.185000    6.052480
     21          6           0        0.000000    1.410000    4.000000
     22          1           0        0.000000    2.370000    4.000000
     23          6           0        0.000000    0.705000    2.778900
     24          1           0        0.000000    1.185000    1.947520
 ---------------------------------------------------------------------
                    Distance matrix (angstroms):
                    1          2          3          4          5
     1  C    0.000000
     2  H    0.959996   0.000000
     3  C    1.410004   2.064776   0.000000
     4  H    2.064778   2.370000   0.960000   0.000000
     5  C    2.442200   3.308584   1.410004   2.064778   0.000000
     6  H    3.308584   4.104960   2.064776   2.370000   0.959996
     7  C    1.410000   2.064774   2.442194   3.308581   2.820007
     8  H    2.064774   2.370000   3.308580   4.104960   3.780003
     9  C    2.442194   3.308580   2.820000   3.780000   2.442194
    10  H    3.308581   4.104960   3.780000   4.740000   3.308581
    11  C    2.820007   3.780003   2.442194   3.308581   1.410000
    12  H    3.780003   4.740000   3.308580   4.104960   2.064774
    13  C    5.361993   5.630538   5.268483   5.480156   5.361993
    14  H    6.193061   6.391024   6.056661   6.167393   6.193061
    15  C    4.241239   4.501477   4.000000   4.113587   4.241239
    16  H    4.501479   4.649398   4.113587   4.000000   4.501479
    17  C    3.035353   3.487888   2.866934   3.239523   3.035353
    18  H    2.348259   2.829401   1.960474   2.279706   2.348259
    19  C    5.544283   5.919853   5.633215   6.059332   5.544283
    20  H    6.457221   6.816310   6.585328   7.019298   6.457221
    21  C    4.686610   5.191021   4.894119   5.503490   4.686610
    22  H    5.191022   5.731553   5.503490   6.202225   5.191022
    23  C    3.346860   3.937900   3.492207   4.144624   3.346860
    24  H    2.975906   3.690855   3.244512   4.053500   2.975906
                    6          7          8          9         10
     6  H    0.000000
     7  C    3.780003   0.000000
     8  H    4.740000   0.959996   0.000000
     9  C    3.308580   1.410004   2.064776   0.000000
    10  H    4.104960   2.064778   2.370000   0.960000   0.000000
    11  C    2.064774   2.442200   3.308584   1.410004   2.064778
    12  H    2.370000   3.308584   4.104960   2.064776   2.370000
    13  C    5.630538   5.544283   5.919853   5.633215   6.059332
    14  H    6.391024   6.457221   6.816310   6.585328   7.019298
    15  C    4.501477   4.686610   5.191021   4.894119   5.503490
    16  H    4.649398   5.191022   5.731553   5.503490   6.202225
    17  C    3.487888   3.346860   3.937900   3.492207   4.144624
    18  H    2.829401   2.975906   3.690855   3.244512   4.053500
    19  C    5.919853   5.361993   5.630538   5.268483   5.480156
    20  H    6.816310   6.193061   6.391024   6.056661   6.167393
    21  C    5.191021   4.241239   4.501477   4.000000   4.113587
    22  H    5.731553   4.501479   4.649398   4.113587   4.000000
    23  C    3.937900   3.035353   3.487888   2.866934   3.239523
    24  H    3.690855   2.348259   2.829401   1.960474   2.279706
                   11         12         13         14         15
    11  C    0.000000
    12  H    0.959996   0.000000
    13  C    5.544283   5.919853   0.000000
    14  H    6.457221   6.816310   0.959996   0.000000
    15  C    4.686610   5.191021   1.410004   2.064776   0.000000
    16  H    5.191022   5.731553   2.064778   2.370000   0.960000
    17  C    3.346860   3.937900   2.442200   3.308584   1.410004
    18  H    2.975906   3.690855   3.308584   4.104960   2.064776
    19  C    5.361993   5.630538   1.410000   2.064774   2.442194
    20  H    6.193061   6.391024   2.064774   2.370000   3.308580
    21  C    4.241239   4.501477   2.442194   3.308580   2.820000
    22  H    4.501479   4.649398   3.308581   4.104960   3.780000
    23  C    3.035353   3.487888   2.820007   3.780003   2.442194
    24  H    2.348259   2.829401   3.780003   4.740000   3.308580
                   16         17         18         19         20
    16  H    0.000000
    17  C    2.064778   0.000000
    18  H    2.370000   0.959996   0.000000
    19  C    3.308581   2.820007   3.780003   0.000000
    20  H    4.104960   3.780003   4.740000   0.959996   0.000000
    21  C    3.780000   2.442194   3.308580   1.410004   2.064776
    22  H    4.740000   3.308581   4.104960   2.064778   2.370000
    23  C    3.308581   1.410000   2.064774   2.442200   3.308584
    24  H    4.104960   2.064774   2.370000   3.308584   4.104960
                   21         22         23         24
    21  C    0.000000
    22  H    0.960000   0.000000
    23  C    1.410004   2.064778   0.000000
    24  H    2.064776   2.370000   0.959996   0.000000
 Stoichiometry    C12H12
 Framework group  C2V[SGV(C8H8),X(C4H4)]
 Deg. of freedom    21
 Full point group                 C2V     NOp   4
 Largest Abelian subgroup         C2V     NOp   4
 Largest concise Abelian subgroup C2V     NOp   4
                         Standard orientation:                         
 ---------------------------------------------------------------------
 Center     Atomic      Atomic             Coordinates (Angstroms)
 Number     Number       Type             X           Y           Z
 ---------------------------------------------------------------------
      1          6           0        1.221100    0.705000   -2.000000
      2          1           0        2.052480    1.185000   -2.000000
      3          6           0       -0.000000    1.410000   -2.000000
      4          1           0       -0.000000    2.370000   -2.000000
      5          6           0       -1.221100    0.705000   -2.000000
      6          1           0       -2.052480    1.185000   -2.000000
      7          6           0        1.221100   -0.705000   -2.000000
      8          1           0        2.052480   -1.185000   -2.000000
      9          6           0       -0.000000   -1.410000   -2.000000
     10          1           0       -0.000000   -2.370000   -2.000000
     11          6           0       -1.221100   -0.705000   -2.000000
     12          1           0       -2.052480   -1.185000   -2.000000
     13          6           0       -0.000000    0.705000    3.221100
     14          1           0       -0.000000    1.185000    4.052480
     15          6           0       -0.000000    1.410000    2.000000
     16          1           0       -0.000000    2.370000    2.000000
     17          6           0       -0.000000    0.705000    0.778900
     18          1           0       -0.000000    1.185000   -0.052480
     19          6           0       -0.000000   -0.705000    3.221100
     20          1           0       -0.000000   -1.185000    4.052480
     21          6           0       -0.000000   -1.410000    2.000000
     22          1           0       -0.000000   -2.370000    2.000000
     23          6           0       -0.000000   -0.705000    0.778900
     24          1           0       -0.000000   -1.185000   -0.052480
 ---------------------------------------------------------------------
 Rotational constants (GHZ):           1.9023315           0.6305534           0.5678170
 Standard basis: 6-31G(d) (6D, 7F)
 There are    69 symmetry adapted cartesian basis functions of A1  symmetry.
 There are    33 symmetry adapted cartesian basis functions of A2  symmetry.
 There are    33 symmetry adapted cartesian basis functions of B1  symmetry.
 There are    69 symmetry adapted cartesian basis functions of B2  symmetry.
 There are    69 symmetry adapted basis functions of A1  symmetry.
 There are    33 symmetry adapted basis functions of A2  symmetry.
 There are    33 symmetry adapted basis functions of B1  symmetry.
 There are    69 symmetry adapted basis functions of B2  symmetry.
   204 basis functions,   384 primitive gaussians,   204 cartesian basis functions
    42 alpha electrons       42 beta electrons
       nuclear repulsion energy       634.5014161721 Hartrees.
 NAtoms=   24 NActive=   24 NUniq=   10 SFac= 4.00D+00 NAtFMM=   60 NAOKFM=F Big=F
 Integral buffers will be    131072 words long.
 Raffenetti 2 integral format.
 Two-electron integral symmetry is turned on.
 Nuclear repulsion after empirical dispersion term =      634.4851340991 Hartrees.
 One-electron integrals computed using PRISM.
 NBasis=   204 RedAO= T EigKep=  4.57D-04  NBF=    69    33    33    69
 NBsUse=   204 1.00D-06 EigRej= -1.00D+00 NBFU=    69    33    33    69
 ExpMin= 1.61D-01 ExpMax= 3.05D+03 ExpMxC= 4.57D+02 IAcc=3 IRadAn=         5 AccDes= 0.00D+00
 Harris functional with IExCor= 4639 and IRadAn=       5 diagonalized for initial guess.
 HarFok:  IExCor= 4639 AccDes= 0.00D+00 IRadAn=         5 IDoV= 1 UseB2=F ITyADJ=14
 ICtDFT=  3500011 ScaDFX=  1.000000  1.000000  1.000000  1.000000
 FoFCou: FMM=F IPFlag=           0 FMFlag=      100000 FMFlg1=           0
         NFxFlg=           0 DoJE=T BraDBF=F KetDBF=T FulRan=T
         wScrn=  0.000000 ICntrl=       500 IOpCl=  0 I1Cent=   200000004 NGrid=           0
         NMat0=    1 NMatS0=      1 NMatT0=    0 NMatD0=    1 NMtDS0=    0 NMtDT0=    0
 Petite list used in FoFCou.
 Initial guess orbital symmetries:
       Occupied  (A1) (B2) (B1) (A1) (A1) (A2) (B2) (B2) (A1) (B2)
                 (A1) (B2) (A1) (A1) (B2) (B1) (A1) (B2) (A1) (A2)
                 (B2) (A1) (A1) (A1) (B2) (B2) (B1) (A1) (A1) (B2)
                 (B1) (B2) (B2) (A1) (A2) (A1) (B1) (A1) (B1) (A2)
                 (B2) (B1)
       Virtual   (A2) (A1) (B1) (A2) (B2) (A2) (A1) (A1) (B2) (B1)
                 (B2) (A1) (A2) (A1) (B2) (B2) (A1) (B2) (B2) (B1)
                 (A1) (B2) (A1) (A2) (A1) (B2) (A1) (B1) (B1) (A1)
                 (A1) (B2) (A2) (B2) (A1) (B2) (A1) (B1) (A2) (B2)
                 (A1) (B2) (A1) (A2) (B1) (A1) (B2) (A2) (B1) (A2)
                 (B2) (A1) (B1) (B2) (A2) (B2) (B2) (A1) (B2) (A1)
                 (A2) (A1) (B2) (B1) (A2) (B2) (B2) (B1) (A1) (A1)
                 (B2) (A1) (A1) (B2) (B2) (B1) (A2) (A1) (A1) (B2)
                 (B2) (B1) (B1) (B2) (B1) (A1) (A1) (A2) (A2) (A1)
                 (B1) (B2) (A2) (B1) (B1) (A1) (A1) (A2) (B2) (B2)
                 (B1) (A1) (A1) (A1) (B2) (A1) (A1) (A2) (B2) (A1)
                 (B2) (A1) (A1) (B1) (A2) (B1) (B2) (A1) (A2) (B2)
                 (B1) (B2) (B2) (A1) (A2) (B1) (B1) (A2) (B2) (B2)
                 (A2) (B2) (A1) (A2) (A1) (A2) (B2) (B1) (A1) (B2)
                 (B2) (A2) (A1) (A1) (B2) (B2) (A2) (B2) (B2) (B2)
                 (A1) (A1) (B2) (B1) (A1) (B2) (A1) (A2) (A1) (B2)
                 (B2) (B2)
 The electronic state of the initial guess is 1-A1.
 Keep R1 ints in memory in symmetry-blocked form, NReq=548444783.
 Requested convergence on RMS density matrix=1.00D-08 within 128 cycles.
 Requested convergence on MAX density matrix=1.00D-06.
 Requested convergence on             energy=1.00D-06.
 No special actions if energy rises.
 Integral accuracy reduced to 1.0D-05 until final iterations.
 Initial convergence to 1.0D-05 achieved.  Increase integral accuracy.
 SCF Done:  E(RwB97XD) =  -464.136593570     A.U. after   13 cycles
            NFock= 13  Conv=0.46D-08     -V/T= 2.0043

 **********************************************************************

            Population analysis using the SCF density.

 **********************************************************************

 Orbital symmetries:
       Occupied  (A1) (B1) (B2) (A2) (A1) (B2) (A1) (B2) (A1) (B2)
                 (A1) (B2) (A1) (A1) (B2) (B1) (B2) (A1) (A1) (A2)
                 (A1) (B2) (A1) (A1) (B2) (B2) (B1) (B2) (B1) (A1)
                 (B2) (A1) (A1) (A2) (A1) (B1) (B2) (A1) (B1) (B2)
                 (A2) (B1)
       Virtual   (A2) (A1) (B1) (A2) (A1) (B2) (A1) (B2) (A2) (B1)
                 (A1) (B2) (A2) (A1) (B2) (B2) (B2) (A1) (B2) (B1)
                 (A2) (A1) (A1) (A1) (B2) (B2) (A1) (B1) (B1) (A1)
                 (A1) (B2) (A2) (B2) (A1) (B2) (B1) (A1) (A2) (A1)
                 (B2) (B1) (A1) (A2) (B2) (A1) (B2) (A2) (B1) (A2)
                 (B2) (A1) (B1) (B2) (A2) (B2) (B2) (A1) (B2) (A2)
                 (A1) (B1) (A1) (A2) (B2) (B2) (B1) (B2) (A1) (A1)
                 (B2) (A1) (A1) (B2) (A2) (B1) (B2) (A1) (A1) (B2)
                 (B2) (B1) (B1) (B2) (A1) (A1) (B1) (A2) (A2) (A1)
                 (B2) (B1) (B1) (A2) (A1) (B1) (A1) (A2) (B2) (B2)
                 (A1) (B1) (A1) (A1) (B2) (A1) (A1) (B2) (A2) (A1)
                 (B2) (A1) (B1) (A1) (A2) (B2) (B1) (B2) (A2) (A1)
                 (B1) (B2) (B2) (A1) (B1) (A2) (B1) (B2) (A2) (B2)
                 (A2) (A1) (B2) (A2) (A1) (A2) (B1) (B2) (A1) (B2)
                 (A2) (B2) (A1) (A1) (B2) (B2) (A2) (B2) (B2) (B2)
                 (A1) (A1) (B2) (B1) (A1) (A2) (A1) (B2) (A1) (B2)
                 (B2) (B2)
 The electronic state is 1-A1.
 Alpha  occ. eigenvalues --  -10.29156 -10.29143 -10.29117 -10.29090 -10.29045
 Alpha  occ. eigenvalues --  -10.29036 -10.27288 -10.27239 -10.27124 -10.27123
 Alpha  occ. eigenvalues --  -10.26287 -10.26235  -0.95507  -0.92741  -0.85818
 Alpha  occ. eigenvalues --   -0.85295  -0.83154  -0.83110  -0.71828  -0.71663
 Alpha  occ. eigenvalues --   -0.69687  -0.69553  -0.63700  -0.61786  -0.59591
 Alpha  occ. eigenvalues --   -0.57776  -0.52470  -0.52342  -0.52170  -0.51336
 Alpha  occ. eigenvalues --   -0.50294  -0.50236  -0.43745  -0.43722  -0.43239
 Alpha  occ. eigenvalues --   -0.42865  -0.42400  -0.41029  -0.33478  -0.30961
 Alpha  occ. eigenvalues --   -0.30467  -0.29305
 Alpha virt. eigenvalues --    0.05351   0.05683   0.08589   0.09538   0.21204
 Alpha virt. eigenvalues --    0.22815   0.23843   0.25163   0.25705   0.26318
 Alpha virt. eigenvalues --    0.27631   0.27915   0.28189   0.29077   0.30455
 Alpha virt. eigenvalues --    0.31269   0.35462   0.36155   0.38235   0.38383
 Alpha virt. eigenvalues --    0.38748   0.38840   0.40027   0.40732   0.40743
 Alpha virt. eigenvalues --    0.45127   0.55328   0.55918   0.60205   0.61502
 Alpha virt. eigenvalues --    0.61640   0.62135   0.63310   0.64022   0.64625
 Alpha virt. eigenvalues --    0.65188   0.65608   0.65870   0.65982   0.69606
 Alpha virt. eigenvalues --    0.69711   0.70381   0.70900   0.70990   0.71110
 Alpha virt. eigenvalues --    0.72644   0.73750   0.73806   0.74987   0.80835
 Alpha virt. eigenvalues --    0.82209   0.84818   0.88247   0.90705   0.91635
 Alpha virt. eigenvalues --    0.97031   1.00423   1.02177   1.02611   1.03087
 Alpha virt. eigenvalues --    1.03309   1.03952   1.05079   1.05268   1.05443
 Alpha virt. eigenvalues --    1.06192   1.07461   1.07748   1.10856   1.12189
 Alpha virt. eigenvalues --    1.12941   1.13345   1.16407   1.17178   1.19723
 Alpha virt. eigenvalues --    1.21815   1.22564   1.22792   1.25370   1.28445
 Alpha virt. eigenvalues --    1.31962   1.33971   1.36894   1.42538   1.47952
 Alpha virt. eigenvalues --    1.48793   1.49736   1.53909   1.55647   1.55769
 Alpha virt. eigenvalues --    1.55855   1.57960   1.58219   1.59329   1.60704
 Alpha virt. eigenvalues --    1.60718   1.62989   1.65665   1.66565   1.74281
 Alpha virt. eigenvalues --    1.84532   1.85455   1.88366   1.95042   2.05804
 Alpha virt. eigenvalues --    2.12464   2.13416   2.14399   2.14680   2.16532
 Alpha virt. eigenvalues --    2.18788   2.18813   2.20987   2.22053   2.22077
 Alpha virt. eigenvalues --    2.22647   2.22832   2.23749   2.24080   2.24731
 Alpha virt. eigenvalues --    2.25565   2.28846   2.29839   2.35655   2.37827
 Alpha virt. eigenvalues --    2.39525   2.39916   2.39980   2.40290   2.42680
 Alpha virt. eigenvalues --    2.66600   2.69548   2.69742   2.70871   2.71637
 Alpha virt. eigenvalues --    2.73844   2.78349   2.78398   2.82931   2.86201
 Alpha virt. eigenvalues --    2.86799   2.86903   2.87516   2.89812   2.90949
 Alpha virt. eigenvalues --    3.05289   3.07604   3.16623   3.57304   3.63112
 Alpha virt. eigenvalues --    4.22529   4.26181   4.26299   4.27026   4.37366
 Alpha virt. eigenvalues --    4.47800   4.48540   4.48841   4.54245   4.56055
 Alpha virt. eigenvalues --    4.80462   4.85507
          Condensed to atoms (all electrons):
               1          2          3          4          5          6
     1  C    4.856599   0.390894   0.537849  -0.047568  -0.035728   0.005430
     2  H    0.390894   0.544294  -0.049651  -0.006144   0.005430  -0.000186
     3  C    0.537849  -0.049651   4.966640   0.392293   0.537849  -0.049651
     4  H   -0.047568  -0.006144   0.392293   0.541126  -0.047568  -0.006144
     5  C   -0.035728   0.005430   0.537849  -0.047568   4.856599   0.390894
     6  H    0.005430  -0.000186  -0.049651  -0.006144   0.390894   0.544294
     7  C    0.548554  -0.047061  -0.025065   0.005155  -0.037385   0.000243
     8  H   -0.047061  -0.006309   0.005485  -0.000194   0.000243   0.000016
     9  C   -0.025065   0.005485  -0.044080   0.000331  -0.025065   0.005485
    10  H    0.005155  -0.000194   0.000331   0.000019   0.005155  -0.000194
    11  C   -0.037385   0.000243  -0.025065   0.005155   0.548554  -0.047061
    12  H    0.000243   0.000016   0.005485  -0.000194  -0.047061  -0.006309
    13  C   -0.000008   0.000000  -0.000019   0.000001  -0.000008   0.000000
    14  H    0.000000   0.000000   0.000001   0.000000   0.000000   0.000000
    15  C    0.000370  -0.000029   0.001552  -0.000107   0.000370  -0.000029
    16  H    0.000045   0.000000   0.000092   0.000017   0.000045   0.000000
    17  C   -0.008173   0.000091  -0.036686  -0.000984  -0.008173   0.000091
    18  H   -0.006001   0.000300  -0.012951  -0.000244  -0.006001   0.000300
    19  C   -0.000005  -0.000000  -0.000004  -0.000000  -0.000005  -0.000000
    20  H   -0.000000  -0.000000  -0.000000  -0.000000  -0.000000  -0.000000
    21  C   -0.000065   0.000004  -0.000103   0.000003  -0.000065   0.000004
    22  H    0.000004  -0.000000   0.000000   0.000000   0.000004  -0.000000
    23  C   -0.000208   0.000046   0.003601   0.000215  -0.000208   0.000046
    24  H   -0.003618  -0.000018   0.000186  -0.000022  -0.003618  -0.000018
               7          8          9         10         11         12
     1  C    0.548554  -0.047061  -0.025065   0.005155  -0.037385   0.000243
     2  H   -0.047061  -0.006309   0.005485  -0.000194   0.000243   0.000016
     3  C   -0.025065   0.005485  -0.044080   0.000331  -0.025065   0.005485
     4  H    0.005155  -0.000194   0.000331   0.000019   0.005155  -0.000194
     5  C   -0.037385   0.000243  -0.025065   0.005155   0.548554  -0.047061
     6  H    0.000243   0.000016   0.005485  -0.000194  -0.047061  -0.006309
     7  C    4.856599   0.390894   0.537849  -0.047568  -0.035728   0.005430
     8  H    0.390894   0.544294  -0.049651  -0.006144   0.005430  -0.000186
     9  C    0.537849  -0.049651   4.966640   0.392293   0.537849  -0.049651
    10  H   -0.047568  -0.006144   0.392293   0.541126  -0.047568  -0.006144
    11  C   -0.035728   0.005430   0.537849  -0.047568   4.856599   0.390894
    12  H    0.005430  -0.000186  -0.049651  -0.006144   0.390894   0.544294
    13  C   -0.000005  -0.000000  -0.000004  -0.000000  -0.000005  -0.000000
    14  H   -0.000000  -0.000000  -0.000000  -0.000000  -0.000000  -0.000000
    15  C   -0.000065   0.000004  -0.000103   0.000003  -0.000065   0.000004
    16  H    0.000004  -0.000000   0.000000   0.000000   0.000004  -0.000000
    17  C   -0.000208   0.000046   0.003601   0.000215  -0.000208   0.000046
    18  H   -0.003618  -0.000018   0.000186  -0.000022  -0.003618  -0.000018
    19  C   -0.000008   0.000000  -0.000019   0.000001  -0.000008   0.000000
    20  H    0.000000   0.000000   0.000001   0.000000   0.000000   0.000000
    21  C    0.000370  -0.000029   0.001552  -0.000107   0.000370  -0.000029
    22  H    0.000045   0.000000   0.000092   0.000017   0.000045   0.000000
    23  C   -0.008173   0.000091  -0.036686  -0.000984  -0.008173   0.000091
    24  H   -0.006001   0.000300  -0.012951  -0.000244  -0.006001   0.000300
              13         14         15         16         17         18
     1  C   -0.000008   0.000000   0.000370   0.000045  -0.008173  -0.006001
     2  H    0.000000   0.000000  -0.000029   0.000000   0.000091   0.000300
     3  C   -0.000019   0.000001   0.001552   0.000092  -0.036686  -0.012951
     4  H    0.000001   0.000000  -0.000107   0.000017  -0.000984  -0.000244
     5  C   -0.000008   0.000000   0.000370   0.000045  -0.008173  -0.006001
     6  H    0.000000   0.000000  -0.000029   0.000000   0.000091   0.000300
     7  C   -0.000005  -0.000000  -0.000065   0.000004  -0.000208  -0.003618
     8  H   -0.000000  -0.000000   0.000004  -0.000000   0.000046  -0.000018
     9  C   -0.000004  -0.000000  -0.000103   0.000000   0.003601   0.000186
    10  H   -0.000000  -0.000000   0.000003   0.000000   0.000215  -0.000022
    11  C   -0.000005  -0.000000  -0.000065   0.000004  -0.000208  -0.003618
    12  H   -0.000000  -0.000000   0.000004  -0.000000   0.000046  -0.000018
    13  C    4.869029   0.383631   0.539291  -0.052114  -0.029232   0.007156
    14  H    0.383631   0.566460  -0.047638  -0.005875   0.005085  -0.000277
    15  C    0.539291  -0.047638   4.877720   0.385346   0.547009  -0.056941
    16  H   -0.052114  -0.005875   0.385346   0.574685  -0.046482  -0.009780
    17  C   -0.029232   0.005085   0.547009  -0.046482   4.861244   0.377794
    18  H    0.007156  -0.000277  -0.056941  -0.009780   0.377794   0.649020
    19  C    0.552360  -0.049187  -0.028731   0.005243  -0.039994   0.000394
    20  H   -0.049187  -0.006226   0.005070  -0.000225   0.000700   0.000022
    21  C   -0.028731   0.005070  -0.043634   0.000483  -0.020158   0.007598
    22  H    0.005243  -0.000225   0.000483   0.000024   0.005661  -0.000258
    23  C   -0.039994   0.000700  -0.020158   0.005661   0.565456  -0.065389
    24  H    0.000394   0.000022   0.007598  -0.000258  -0.065389  -0.008736
              19         20         21         22         23         24
     1  C   -0.000005  -0.000000  -0.000065   0.000004  -0.000208  -0.003618
     2  H   -0.000000  -0.000000   0.000004  -0.000000   0.000046  -0.000018
     3  C   -0.000004  -0.000000  -0.000103   0.000000   0.003601   0.000186
     4  H   -0.000000  -0.000000   0.000003   0.000000   0.000215  -0.000022
     5  C   -0.000005  -0.000000  -0.000065   0.000004  -0.000208  -0.003618
     6  H   -0.000000  -0.000000   0.000004  -0.000000   0.000046  -0.000018
     7  C   -0.000008   0.000000   0.000370   0.000045  -0.008173  -0.006001
     8  H    0.000000   0.000000  -0.000029   0.000000   0.000091   0.000300
     9  C   -0.000019   0.000001   0.001552   0.000092  -0.036686  -0.012951
    10  H    0.000001   0.000000  -0.000107   0.000017  -0.000984  -0.000244
    11  C   -0.000008   0.000000   0.000370   0.000045  -0.008173  -0.006001
    12  H    0.000000   0.000000  -0.000029   0.000000   0.000091   0.000300
    13  C    0.552360  -0.049187  -0.028731   0.005243  -0.039994   0.000394
    14  H   -0.049187  -0.006226   0.005070  -0.000225   0.000700   0.000022
    15  C   -0.028731   0.005070  -0.043634   0.000483  -0.020158   0.007598
    16  H    0.005243  -0.000225   0.000483   0.000024   0.005661  -0.000258
    17  C   -0.039994   0.000700  -0.020158   0.005661   0.565456  -0.065389
    18  H    0.000394   0.000022   0.007598  -0.000258  -0.065389  -0.008736
    19  C    4.869029   0.383631   0.539291  -0.052114  -0.029232   0.007156
    20  H    0.383631   0.566460  -0.047638  -0.005875   0.005085  -0.000277
    21  C    0.539291  -0.047638   4.877720   0.385346   0.547009  -0.056941
    22  H   -0.052114  -0.005875   0.385346   0.574685  -0.046482  -0.009780
    23  C   -0.029232   0.005085   0.547009  -0.046482   4.861244   0.377794
    24  H    0.007156  -0.000277  -0.056941  -0.009780   0.377794   0.649020
 Mulliken charges:
               1
     1  C   -0.134258
     2  H    0.162790
     3  C   -0.208089
     4  H    0.164854
     5  C   -0.134258
     6  H    0.162790
     7  C   -0.134258
     8  H    0.162790
     9  C   -0.208089
    10  H    0.164854
    11  C   -0.134258
    12  H    0.162790
    13  C   -0.157799
    14  H    0.148459
    15  C   -0.167320
    16  H    0.143082
    17  C   -0.111355
    18  H    0.131105
    19  C   -0.157799
    20  H    0.148459
    21  C   -0.167320
    22  H    0.143082
    23  C   -0.111355
    24  H    0.131105
 Sum of Mulliken charges =   0.00000
 Mulliken charges with hydrogens summed into heavy atoms:
               1
     1  C    0.028532
     3  C   -0.043236
     5  C    0.028532
     7  C    0.028532
     9  C   -0.043236
    11  C    0.028532
    13  C   -0.009339
    15  C   -0.024238
    17  C    0.019750
    19  C   -0.009339
    21  C   -0.024238
    23  C    0.019750
 Electronic spatial extent (au):  <R**2>=           2100.1405
 Charge=              0.0000 electrons
 Dipole moment (field-independent basis, Debye):
    X=             -0.0000    Y=             -0.0000    Z=             -0.7575  Tot=              0.7575
 Quadrupole moment (field-independent basis, Debye-Ang):
   XX=            -67.9906   YY=            -61.0810   ZZ=            -70.5148
   XY=              0.0000   XZ=              0.0000   YZ=             -0.0000
 Traceless Quadrupole moment (field-independent basis, Debye-Ang):
   XX=             -1.4618   YY=              5.4478   ZZ=             -3.9860
   XY=              0.0000   XZ=              0.0000   YZ=             -0.0000
 Octapole moment (field-independent basis, Debye-Ang**2):
  XXX=             -0.0000  YYY=             -0.0000  ZZZ=             39.4441  XYY=             -0.0000
  XXY=              0.0000  XXZ=            -16.8394  XZZ=             -0.0000  YZZ=             -0.0000
  YYZ=             -2.0529  XYZ=             -0.0000
 Hexadecapole moment (field-independent basis, Debye-Ang**3):
 XXXX=           -291.1001 YYYY=           -512.0428 ZZZZ=          -1964.1871 XXXY=              0.0000
 XXXZ=              0.0000 YYYX=              0.0000 YYYZ=              0.0000 ZZZX=             -0.0000
 ZZZY=              0.0000 XXYY=           -141.5606 XXZZ=           -387.9346 YYZZ=           -389.0603
 XXYZ=             -0.0000 YYXZ=              0.0000 ZZXY=              0.0000
 N-N= 6.344851340991D+02 E-N=-2.345344102934D+03  KE= 4.621607133337D+02
 Symmetry A1   KE= 1.912023858493D+02
 Symmetry A2   KE= 3.988756071633D+01
 Symmetry B1   KE= 4.662534217533D+01
 Symmetry B2   KE= 1.844454245928D+02
 1\1\GINC-PADAWAN-42\SP\RwB97XD\6-31G(d)\C12H12\PADAWAN\29-Mar-2022\0\\
 #n wB97xd/6-31G(d) SP\\Title\\0,1\C,0,-1.2211,-0.705,0.\H,0,-2.05248,-
 1.185,0.\C,0,0.,-1.41,0.\H,0,0.,-2.37,0.\C,0,1.2211,-0.705,0.\H,0,2.05
 248,-1.185,0.\C,0,-1.2211,0.705,0.\H,0,-2.05248,1.185,0.\C,0,0.,1.41,0
 .\H,0,0.,2.37,0.\C,0,1.2211,0.705,0.\H,0,2.05248,1.185,0.\C,0,0.,-0.70
 5,5.2211\H,0,0.,-1.185,6.05248\C,0,0.,-1.41,4.\H,0,0.,-2.37,4.\C,0,0.,
 -0.705,2.7789\H,0,0.,-1.185,1.94752\C,0,0.,0.705,5.2211\H,0,0.,1.185,6
 .05248\C,0,0.,1.41,4.\H,0,0.,2.37,4.\C,0,0.,0.705,2.7789\H,0,0.,1.185,
 1.94752\\Version=ES64L-G16RevA.03\State=1-A1\HF=-464.1365936\RMSD=4.64
 7e-09\Dipole=0.,0.,-0.2980399\Quadrupole=-1.0867992,4.0502729,-2.96347
 37,0.,0.,0.\PG=C02V [SGV(C8H8),X(C4H4)]\\@


 A FOOL CAN ASK MORE QUESTIONS THAN
 A WISE MAN CAN ANSWER.
 Job cpu time:       0 days  0 hours  2 minutes 22.4 seconds.
 Elapsed time:       0 days  0 hours  0 minutes  5.0 seconds.
 File lengths (MBytes):  RWF=     23 Int=      0 D2E=      0 Chk=      4 Scr=      1
 Normal termination of Gaussian 16 at Tue Mar 29 10:25:52 2022.
