 Entering Gaussian System, Link 0=g16
 Input=Benzeno3.com
 Output=Benzeno3.log
 Initial command:
 /usr/local/g16/l1.exe "/home/padawan/ingrid/Gau-79404.inp" -scrdir="/home/padawan/ingrid/"
 Entering Link 1 = /usr/local/g16/l1.exe PID=     79406.
  
 Copyright (c) 1988,1990,1992,1993,1995,1998,2003,2009,2016,
            Gaussian, Inc.  All Rights Reserved.
  
 This is part of the Gaussian(R) 16 program.  It is based on
 the Gaussian(R) 09 system (copyright 2009, Gaussian, Inc.),
 the Gaussian(R) 03 system (copyright 2003, Gaussian, Inc.),
 the Gaussian(R) 98 system (copyright 1998, Gaussian, Inc.),
 the Gaussian(R) 94 system (copyright 1995, Gaussian, Inc.),
 the Gaussian 92(TM) system (copyright 1992, Gaussian, Inc.),
 the Gaussian 90(TM) system (copyright 1990, Gaussian, Inc.),
 the Gaussian 88(TM) system (copyright 1988, Gaussian, Inc.),
 the Gaussian 86(TM) system (copyright 1986, Carnegie Mellon
 University), and the Gaussian 82(TM) system (copyright 1983,
 Carnegie Mellon University). Gaussian is a federally registered
 trademark of Gaussian, Inc.
  
 This software contains proprietary and confidential information,
 including trade secrets, belonging to Gaussian, Inc.
  
 This software is provided under written license and may be
 used, copied, transmitted, or stored only in accord with that
 written license.
  
 The following legend is applicable only to US Government
 contracts under FAR:
  
                    RESTRICTED RIGHTS LEGEND
  
 Use, reproduction and disclosure by the US Government is
 subject to restrictions as set forth in subparagraphs (a)
 and (c) of the Commercial Computer Software - Restricted
 Rights clause in FAR 52.227-19.
  
 Gaussian, Inc.
 340 Quinnipiac St., Bldg. 40, Wallingford CT 06492
  
  
 ---------------------------------------------------------------
 Warning -- This program may not be used in any manner that
 competes with the business of Gaussian, Inc. or will provide
 assistance to any competitor of Gaussian, Inc.  The licensee
 of this program is prohibited from giving any competitor of
 Gaussian, Inc. access to this program.  By using this program,
 the user acknowledges that Gaussian, Inc. is engaged in the
 business of creating and licensing software in the field of
 computational chemistry and represents and warrants to the
 licensee that it is not a competitor of Gaussian, Inc. and that
 it will not use this program in any manner prohibited above.
 ---------------------------------------------------------------
  

 Cite this work as:
 Gaussian 16, Revision A.03,
 M. J. Frisch, G. W. Trucks, H. B. Schlegel, G. E. Scuseria, 
 M. A. Robb, J. R. Cheeseman, G. Scalmani, V. Barone, 
 G. A. Petersson, H. Nakatsuji, X. Li, M. Caricato, A. V. Marenich, 
 J. Bloino, B. G. Janesko, R. Gomperts, B. Mennucci, H. P. Hratchian, 
 J. V. Ortiz, A. F. Izmaylov, J. L. Sonnenberg, D. Williams-Young, 
 F. Ding, F. Lipparini, F. Egidi, J. Goings, B. Peng, A. Petrone, 
 T. Henderson, D. Ranasinghe, V. G. Zakrzewski, J. Gao, N. Rega, 
 G. Zheng, W. Liang, M. Hada, M. Ehara, K. Toyota, R. Fukuda, 
 J. Hasegawa, M. Ishida, T. Nakajima, Y. Honda, O. Kitao, H. Nakai, 
 T. Vreven, K. Throssell, J. A. Montgomery, Jr., J. E. Peralta, 
 F. Ogliaro, M. J. Bearpark, J. J. Heyd, E. N. Brothers, K. N. Kudin, 
 V. N. Staroverov, T. A. Keith, R. Kobayashi, J. Normand, 
 K. Raghavachari, A. P. Rendell, J. C. Burant, S. S. Iyengar, 
 J. Tomasi, M. Cossi, J. M. Millam, M. Klene, C. Adamo, R. Cammi, 
 J. W. Ochterski, R. L. Martin, K. Morokuma, O. Farkas, 
 J. B. Foresman, and D. J. Fox, Gaussian, Inc., Wallingford CT, 2016.
 
 ******************************************
 Gaussian 16:  ES64L-G16RevA.03 25-Dec-2016
                29-Mar-2022 
 ******************************************
 %nproc=30
 Will use up to   30 processors via shared memory.
 %mem=28GB
 %Chk=Benzeno3.chk
 ---------------------
 #n wB97xd/6-31G(d) SP
 ---------------------
 1/38=1,172=1/1;
 2/12=2,17=6,18=5,40=1/2;
 3/5=1,6=6,7=1,11=2,25=1,30=1,74=-58/1,2,3;
 4//1;
 5/5=2,38=5/2;
 6/7=2,8=2,9=2,10=2,28=1/1;
 99/5=1,9=1/99;
 -----
 Title
 -----
 Symbolic Z-matrix:
 Charge =  0 Multiplicity = 1
 C                    -1.2211   -0.705     0. 
 H                    -2.05248  -1.185     0. 
 C                     0.       -1.41      0. 
 H                     0.       -2.37      0. 
 C                     1.2211   -0.705     0. 
 H                     2.05248  -1.185     0. 
 C                    -1.2211    0.705     0. 
 H                    -2.05248   1.185     0. 
 C                     0.        1.41      0. 
 H                     0.        2.37      0. 
 C                     1.2211    0.705     0. 
 H                     2.05248   1.185     0. 
 C                     0.       -1.41      2. 
 H                     0.       -2.37      2. 
 C                     1.2211   -0.705     2. 
 H                     2.05248  -1.185     2. 
 C                     1.2211    0.705     2. 
 H                     2.05248   1.185     2. 
 C                    -1.2211   -0.705     2. 
 H                    -2.05248  -1.185     2. 
 C                    -1.2211    0.705     2. 
 H                    -2.05248   1.185     2. 
 C                     0.        1.41      2. 
 H                     0.        2.37      2. 
 
                          Input orientation:                          
 ---------------------------------------------------------------------
 Center     Atomic      Atomic             Coordinates (Angstroms)
 Number     Number       Type             X           Y           Z
 ---------------------------------------------------------------------
      1          6           0       -1.221100   -0.705000    0.000000
      2          1           0       -2.052480   -1.185000    0.000000
      3          6           0        0.000000   -1.410000    0.000000
      4          1           0        0.000000   -2.370000    0.000000
      5          6           0        1.221100   -0.705000    0.000000
      6          1           0        2.052480   -1.185000    0.000000
      7          6           0       -1.221100    0.705000    0.000000
      8          1           0       -2.052480    1.185000    0.000000
      9          6           0        0.000000    1.410000    0.000000
     10          1           0        0.000000    2.370000    0.000000
     11          6           0        1.221100    0.705000    0.000000
     12          1           0        2.052480    1.185000    0.000000
     13          6           0        0.000000   -1.410000    2.000000
     14          1           0        0.000000   -2.370000    2.000000
     15          6           0        1.221100   -0.705000    2.000000
     16          1           0        2.052480   -1.185000    2.000000
     17          6           0        1.221100    0.705000    2.000000
     18          1           0        2.052480    1.185000    2.000000
     19          6           0       -1.221100   -0.705000    2.000000
     20          1           0       -2.052480   -1.185000    2.000000
     21          6           0       -1.221100    0.705000    2.000000
     22          1           0       -2.052480    1.185000    2.000000
     23          6           0        0.000000    1.410000    2.000000
     24          1           0        0.000000    2.370000    2.000000
 ---------------------------------------------------------------------
                    Distance matrix (angstroms):
                    1          2          3          4          5
     1  C    0.000000
     2  H    0.959996   0.000000
     3  C    1.410004   2.064776   0.000000
     4  H    2.064778   2.370000   0.960000   0.000000
     5  C    2.442200   3.308584   1.410004   2.064778   0.000000
     6  H    3.308584   4.104960   2.064776   2.370000   0.959996
     7  C    1.410000   2.064774   2.442194   3.308581   2.820007
     8  H    2.064774   2.370000   3.308580   4.104960   3.780003
     9  C    2.442194   3.308580   2.820000   3.780000   2.442194
    10  H    3.308581   4.104960   3.780000   4.740000   3.308581
    11  C    2.820007   3.780003   2.442194   3.308581   1.410000
    12  H    3.780003   4.740000   3.308580   4.104960   2.064774
    13  C    2.447062   2.874595   2.000000   2.218468   2.447062
    14  H    2.874597   3.101113   2.218468   2.000000   2.874597
    15  C    3.156634   3.866100   2.447062   2.874597   2.000000
    16  H    3.866100   4.566256   2.874595   3.101113   2.218466
    17  C    3.457230   4.276497   3.156630   3.866098   2.447059
    18  H    4.276497   5.144667   3.866096   4.566257   2.874594
    19  C    2.000000   2.218466   2.447062   2.874597   3.156634
    20  H    2.218466   2.000000   2.874595   3.101113   3.866100
    21  C    2.447059   2.874594   3.156630   3.866098   3.457230
    22  H    2.874594   3.101113   3.866096   4.566257   4.276497
    23  C    3.156630   3.866096   3.457224   4.276494   3.156630
    24  H    3.866098   4.566257   4.276494   5.144667   3.866098
                    6          7          8          9         10
     6  H    0.000000
     7  C    3.780003   0.000000
     8  H    4.740000   0.959996   0.000000
     9  C    3.308580   1.410004   2.064776   0.000000
    10  H    4.104960   2.064778   2.370000   0.960000   0.000000
    11  C    2.064774   2.442200   3.308584   1.410004   2.064778
    12  H    2.370000   3.308584   4.104960   2.064776   2.370000
    13  C    2.874595   3.156630   3.866096   3.457224   4.276494
    14  H    3.101113   3.866098   4.566257   4.276494   5.144667
    15  C    2.218466   3.457230   4.276497   3.156630   3.866098
    16  H    2.000000   4.276497   5.144667   3.866096   4.566257
    17  C    2.874594   3.156634   3.866100   2.447062   2.874597
    18  H    3.101113   3.866100   4.566256   2.874595   3.101113
    19  C    3.866100   2.447059   2.874594   3.156630   3.866098
    20  H    4.566256   2.874594   3.101113   3.866096   4.566257
    21  C    4.276497   2.000000   2.218466   2.447062   2.874597
    22  H    5.144667   2.218466   2.000000   2.874595   3.101113
    23  C    3.866096   2.447062   2.874595   2.000000   2.218468
    24  H    4.566257   2.874597   3.101113   2.218468   2.000000
                   11         12         13         14         15
    11  C    0.000000
    12  H    0.959996   0.000000
    13  C    3.156630   3.866096   0.000000
    14  H    3.866098   4.566257   0.960000   0.000000
    15  C    2.447059   2.874594   1.410004   2.064778   0.000000
    16  H    2.874594   3.101113   2.064776   2.370000   0.959996
    17  C    2.000000   2.218466   2.442194   3.308581   1.410000
    18  H    2.218466   2.000000   3.308580   4.104960   2.064774
    19  C    3.457230   4.276497   1.410004   2.064778   2.442200
    20  H    4.276497   5.144667   2.064776   2.370000   3.308584
    21  C    3.156634   3.866100   2.442194   3.308581   2.820007
    22  H    3.866100   4.566256   3.308580   4.104960   3.780003
    23  C    2.447062   2.874595   2.820000   3.780000   2.442194
    24  H    2.874597   3.101113   3.780000   4.740000   3.308581
                   16         17         18         19         20
    16  H    0.000000
    17  C    2.064774   0.000000
    18  H    2.370000   0.959996   0.000000
    19  C    3.308584   2.820007   3.780003   0.000000
    20  H    4.104960   3.780003   4.740000   0.959996   0.000000
    21  C    3.780003   2.442200   3.308584   1.410000   2.064774
    22  H    4.740000   3.308584   4.104960   2.064774   2.370000
    23  C    3.308580   1.410004   2.064776   2.442194   3.308580
    24  H    4.104960   2.064778   2.370000   3.308581   4.104960
                   21         22         23         24
    21  C    0.000000
    22  H    0.959996   0.000000
    23  C    1.410004   2.064776   0.000000
    24  H    2.064778   2.370000   0.960000   0.000000
 Stoichiometry    C12H12
 Framework group  D2H[SG(C4H4),X(C8H8)]
 Deg. of freedom    10
 Full point group                 D2H     NOp   8
 Largest Abelian subgroup         D2H     NOp   8
 Largest concise Abelian subgroup D2H     NOp   8
                         Standard orientation:                         
 ---------------------------------------------------------------------
 Center     Atomic      Atomic             Coordinates (Angstroms)
 Number     Number       Type             X           Y           Z
 ---------------------------------------------------------------------
      1          6           0       -1.221100    0.705000    1.000000
      2          1           0       -2.052480    1.185000    1.000000
      3          6           0        0.000000    1.410000    1.000000
      4          1           0        0.000000    2.370000    1.000000
      5          6           0        1.221100    0.705000    1.000000
      6          1           0        2.052480    1.185000    1.000000
      7          6           0       -1.221100   -0.705000    1.000000
      8          1           0       -2.052480   -1.185000    1.000000
      9          6           0       -0.000000   -1.410000    1.000000
     10          1           0       -0.000000   -2.370000    1.000000
     11          6           0        1.221100   -0.705000    1.000000
     12          1           0        2.052480   -1.185000    1.000000
     13          6           0        0.000000    1.410000   -1.000000
     14          1           0        0.000000    2.370000   -1.000000
     15          6           0        1.221100    0.705000   -1.000000
     16          1           0        2.052480    1.185000   -1.000000
     17          6           0        1.221100   -0.705000   -1.000000
     18          1           0        2.052480   -1.185000   -1.000000
     19          6           0       -1.221100    0.705000   -1.000000
     20          1           0       -2.052480    1.185000   -1.000000
     21          6           0       -1.221100   -0.705000   -1.000000
     22          1           0       -2.052480   -1.185000   -1.000000
     23          6           0       -0.000000   -1.410000   -1.000000
     24          1           0       -0.000000   -2.370000   -1.000000
 ---------------------------------------------------------------------
 Rotational constants (GHZ):           1.5167336           1.5167292           1.4267473
 Standard basis: 6-31G(d) (6D, 7F)
 There are    30 symmetry adapted cartesian basis functions of AG  symmetry.
 There are    21 symmetry adapted cartesian basis functions of B1G symmetry.
 There are    21 symmetry adapted cartesian basis functions of B2G symmetry.
 There are    30 symmetry adapted cartesian basis functions of B3G symmetry.
 There are    21 symmetry adapted cartesian basis functions of AU  symmetry.
 There are    30 symmetry adapted cartesian basis functions of B1U symmetry.
 There are    30 symmetry adapted cartesian basis functions of B2U symmetry.
 There are    21 symmetry adapted cartesian basis functions of B3U symmetry.
 There are    30 symmetry adapted basis functions of AG  symmetry.
 There are    21 symmetry adapted basis functions of B1G symmetry.
 There are    21 symmetry adapted basis functions of B2G symmetry.
 There are    30 symmetry adapted basis functions of B3G symmetry.
 There are    21 symmetry adapted basis functions of AU  symmetry.
 There are    30 symmetry adapted basis functions of B1U symmetry.
 There are    30 symmetry adapted basis functions of B2U symmetry.
 There are    21 symmetry adapted basis functions of B3U symmetry.
   204 basis functions,   384 primitive gaussians,   204 cartesian basis functions
    42 alpha electrons       42 beta electrons
       nuclear repulsion energy       744.8694552295 Hartrees.
 NAtoms=   24 NActive=   24 NUniq=    4 SFac= 4.00D+00 NAtFMM=   60 NAOKFM=F Big=F
 Integral buffers will be    131072 words long.
 Raffenetti 2 integral format.
 Two-electron integral symmetry is turned on.
 Nuclear repulsion after empirical dispersion term =      744.8476422452 Hartrees.
 One-electron integrals computed using PRISM.
 NBasis=   204 RedAO= T EigKep=  1.93D-04  NBF=    30    21    21    30    21    30    30    21
 NBsUse=   204 1.00D-06 EigRej= -1.00D+00 NBFU=    30    21    21    30    21    30    30    21
 ExpMin= 1.61D-01 ExpMax= 3.05D+03 ExpMxC= 4.57D+02 IAcc=3 IRadAn=         5 AccDes= 0.00D+00
 Harris functional with IExCor= 4639 and IRadAn=       5 diagonalized for initial guess.
 HarFok:  IExCor= 4639 AccDes= 0.00D+00 IRadAn=         5 IDoV= 1 UseB2=F ITyADJ=14
 ICtDFT=  3500011 ScaDFX=  1.000000  1.000000  1.000000  1.000000
 FoFCou: FMM=F IPFlag=           0 FMFlag=      100000 FMFlg1=           0
         NFxFlg=           0 DoJE=T BraDBF=F KetDBF=T FulRan=T
         wScrn=  0.000000 ICntrl=       500 IOpCl=  0 I1Cent=   200000004 NGrid=           0
         NMat0=    1 NMatS0=      1 NMatT0=    0 NMatD0=    1 NMtDS0=    0 NMtDT0=    0
 Petite list used in FoFCou.
 Initial guess orbital symmetries:
       Occupied  (AG) (B1U) (B2G) (B3G) (B3U) (B2U) (AU) (B1U)
                 (B1G) (AG) (B3G) (B2U) (AG) (B2U) (B3U) (B1U)
                 (B2G) (B3G) (AG) (B1G) (AG) (AU) (B1U) (B2U) (B1U)
                 (B3U) (B2U) (B3U) (B3G) (AG) (B2G) (B3G) (B2G)
                 (AG) (B1G) (B3U) (B2U) (B1U) (AU) (B1U) (AG) (B1G)
       Virtual   (B2G) (B3G) (B2U) (AG) (B1U) (AU) (B2U) (B3U)
                 (AG) (B1G) (B2U) (B1U) (B3G) (B2U) (B3U) (B3G)
                 (B2G) (AG) (B1G) (B1U) (AU) (B3G) (B3G) (B2G)
                 (B1U) (AU) (B3U) (AG) (B1U) (B2U) (B1G) (AG) (B2G)
                 (B1U) (AG) (B1G) (AU) (B2G) (B3G) (B3U) (B2U)
                 (B1U) (AU) (B3G) (AG) (B1G) (B3U) (B2U) (B3G)
                 (B2U) (B1U) (AU) (AG) (B2G) (B3G) (B2U) (AG) (B1G)
                 (B1G) (B2U) (B3U) (B3G) (B1U) (AU) (B2U) (B3U)
                 (AU) (B3G) (B2G) (AG) (B1U) (B3G) (B2G) (B3U)
                 (AG) (B1G) (B2U) (B3U) (B2U) (AG) (AG) (B1G) (B1U)
                 (B2G) (B1U) (AU) (B3U) (B2U) (B1U) (AG) (B2G)
                 (B3G) (AG) (B1G) (B3U) (B2G) (B1U) (AU) (AU) (B1U)
                 (B1U) (AG) (B1G) (B3G) (AG) (B3G) (B2G) (B2U)
                 (B3U) (B2U) (AG) (B1G) (B2U) (B3U) (B1U) (AU)
                 (B3G) (B2G) (B1U) (B2U) (B2U) (B3U) (B3G) (B3G)
                 (B2G) (B3G) (B2G) (B1G) (B1U) (AU) (AG) (B1G)
                 (B2U) (B3U) (AU) (B1U) (B3G) (AU) (B2G) (B3G)
                 (AG) (B1G) (B1G) (B1U) (AU) (AU) (B2U) (B3G) (B2U)
                 (B3G) (AG) (B1U) (B2U) (B3U) (AG) (B1G) (B3G)
                 (B2G) (AU) (B1U) (B2U) (B3G)
 The electronic state of the initial guess is 1-AG.
 Keep R1 ints in memory in symmetry-blocked form, NReq=492053055.
 Requested convergence on RMS density matrix=1.00D-08 within 128 cycles.
 Requested convergence on MAX density matrix=1.00D-06.
 Requested convergence on             energy=1.00D-06.
 No special actions if energy rises.
 Integral accuracy reduced to 1.0D-05 until final iterations.
 Initial convergence to 1.0D-05 achieved.  Increase integral accuracy.
 SCF Done:  E(RwB97XD) =  -463.744254264     A.U. after   13 cycles
            NFock= 13  Conv=0.37D-08     -V/T= 2.0008

 **********************************************************************

            Population analysis using the SCF density.

 **********************************************************************

 Orbital symmetries:
       Occupied  (AG) (B1U) (B3G) (B2G) (B2U) (B3U) (B1U) (AU)
                 (AG) (B1G) (B2U) (B3G) (AG) (B3U) (B2U) (B1U)
                 (B2G) (B3G) (B1G) (AG) (AU) (B1U) (AG) (B2U) (B1U)
                 (B3U) (B2U) (B3G) (B3U) (AG) (B2G) (B2G) (B3G)
                 (AG) (B1G) (B2U) (B3U) (B1U) (AU) (B1U) (B1G)
                 (AG)
       Virtual   (B2G) (B3G) (B2U) (AG) (B1U) (AU) (B2U) (B3U)
                 (AG) (B1G) (B2U) (B1U) (B3G) (B2G) (AG) (B1G)
                 (B3U) (B2U) (B1U) (AU) (B3G) (B3G) (B2G) (B3G)
                 (B1U) (AU) (B3U) (B1U) (B2U) (AG) (B1G) (AG) (B2G)
                 (AG) (B1G) (B2G) (B3G) (B1U) (B2U) (B3U) (AU)
                 (B1U) (AU) (B3G) (AG) (B1G) (B3G) (B3U) (B2U)
                 (B2U) (B1U) (AU) (B2G) (B3G) (B2U) (AG) (B1G)
                 (AG) (B1G) (B2U) (B3U) (B3G) (B1U) (AU) (B3U)
                 (B2U) (AU) (B3G) (B2G) (AG) (B1U) (B3G) (B2G)
                 (B3U) (AG) (B1G) (B2U) (B3U) (B2U) (AG) (B1G)
                 (AG) (B1U) (B1U) (AU) (B2G) (B3U) (B2U) (B1U)
                 (AG) (B3G) (B2G) (B1G) (AG) (B3U) (B2G) (B1U)
                 (AU) (B1U) (AU) (B3G) (B1U) (AG) (B1G) (AG) (B2G)
                 (B3G) (B2U) (B3U) (B2U) (AG) (B1G) (B2U) (B3U)
                 (B1U) (AU) (B3G) (B2G) (B1U) (B2U) (B3U) (B2U)
                 (B3G) (B3G) (B2G) (B2G) (B3G) (B1G) (B1U) (AU)
                 (B1G) (AG) (AU) (B1U) (B3G) (B3U) (B2U) (AU) (B2G)
                 (B3G) (AG) (B1G) (B1U) (AU) (B1G) (AU) (B2U) (B3G)
                 (B2U) (B3G) (AG) (B1U) (B2U) (B3U) (B1G) (AG)
                 (B3G) (B2G) (AU) (B1U) (B2U) (B3G)
 The electronic state is 1-AG.
 Alpha  occ. eigenvalues --  -10.27792 -10.27792 -10.27769 -10.27769 -10.27768
 Alpha  occ. eigenvalues --  -10.27768 -10.27720 -10.27719 -10.27719 -10.27719
 Alpha  occ. eigenvalues --  -10.27695 -10.27695  -1.00995  -0.90661  -0.90661
 Alpha  occ. eigenvalues --   -0.89684  -0.79842  -0.79841  -0.75853  -0.75853
 Alpha  occ. eigenvalues --   -0.66785  -0.66785  -0.66470  -0.62769  -0.59598
 Alpha  occ. eigenvalues --   -0.54787  -0.54787  -0.54685  -0.54643  -0.52765
 Alpha  occ. eigenvalues --   -0.48872  -0.48595  -0.48595  -0.45625  -0.45624
 Alpha  occ. eigenvalues --   -0.40783  -0.40782  -0.40259  -0.40258  -0.24437
 Alpha  occ. eigenvalues --   -0.19249  -0.19249
 Alpha virt. eigenvalues --    0.01525   0.01526   0.11615   0.16875   0.20997
 Alpha virt. eigenvalues --    0.20997   0.22301   0.22301   0.23336   0.23336
 Alpha virt. eigenvalues --    0.26874   0.28072   0.32590   0.32590   0.34688
 Alpha virt. eigenvalues --    0.34688   0.34694   0.34695   0.34931   0.34931
 Alpha virt. eigenvalues --    0.35590   0.38301   0.43565   0.43565   0.45195
 Alpha virt. eigenvalues --    0.45195   0.53240   0.57286   0.58148   0.59374
 Alpha virt. eigenvalues --    0.60391   0.60420   0.61371   0.65251   0.65251
 Alpha virt. eigenvalues --    0.65689   0.65689   0.65905   0.66223   0.66223
 Alpha virt. eigenvalues --    0.67972   0.71525   0.71525   0.74114   0.83627
 Alpha virt. eigenvalues --    0.83627   0.86908   0.87632   0.87632   0.89019
 Alpha virt. eigenvalues --    0.91074   0.91074   0.96358   0.96358   0.96553
 Alpha virt. eigenvalues --    0.97046   1.01486   1.01486   1.03754   1.04421
 Alpha virt. eigenvalues --    1.04421   1.05174   1.07946   1.07947   1.08009
 Alpha virt. eigenvalues --    1.08009   1.09954   1.10858   1.10858   1.15857
 Alpha virt. eigenvalues --    1.16603   1.22153   1.22154   1.23885   1.25733
 Alpha virt. eigenvalues --    1.25733   1.29856   1.29857   1.37718   1.38511
 Alpha virt. eigenvalues --    1.40115   1.40115   1.43237   1.47067   1.47067
 Alpha virt. eigenvalues --    1.47715   1.54309   1.54309   1.62857   1.70130
 Alpha virt. eigenvalues --    1.75367   1.75367   1.76812   1.76813   1.86862
 Alpha virt. eigenvalues --    1.93502   1.95755   1.95756   1.96002   1.96002
 Alpha virt. eigenvalues --    2.06442   2.07704   2.09948   2.09949   2.12476
 Alpha virt. eigenvalues --    2.14468   2.14469   2.14982   2.14982   2.19646
 Alpha virt. eigenvalues --    2.27820   2.27821   2.28393   2.28394   2.30584
 Alpha virt. eigenvalues --    2.30585   2.31586   2.31586   2.35418   2.36223
 Alpha virt. eigenvalues --    2.37598   2.37598   2.38860   2.40254   2.40254
 Alpha virt. eigenvalues --    2.56246   2.56246   2.61321   2.66137   2.66138
 Alpha virt. eigenvalues --    2.70504   2.70504   2.77698   2.77698   2.78451
 Alpha virt. eigenvalues --    2.78578   2.78578   2.82734   2.86193   2.86193
 Alpha virt. eigenvalues --    2.87215   2.87216   3.07213   3.07214   3.08553
 Alpha virt. eigenvalues --    3.11068   3.18077   3.46209   3.66191   3.69587
 Alpha virt. eigenvalues --    4.33521   4.49504   4.49554   4.49554   4.60195
 Alpha virt. eigenvalues --    4.60195   4.78155   4.78155   4.99412   4.99412
 Alpha virt. eigenvalues --    5.12220   5.41976
          Condensed to atoms (all electrons):
               1          2          3          4          5          6
     1  C    5.104078   0.392611   0.439114  -0.043966  -0.024615   0.005368
     2  H    0.392611   0.554764  -0.043968  -0.006879   0.005368  -0.000211
     3  C    0.439114  -0.043968   5.104060   0.392609   0.439114  -0.043968
     4  H   -0.043966  -0.006879   0.392609   0.554760  -0.043966  -0.006879
     5  C   -0.024615   0.005368   0.439114  -0.043966   5.104078   0.392611
     6  H    0.005368  -0.000211  -0.043968  -0.006879   0.392611   0.554764
     7  C    0.439107  -0.043968  -0.024611   0.005368   0.000438   0.000212
     8  H   -0.043968  -0.006879   0.005368  -0.000211   0.000212   0.000024
     9  C   -0.024611   0.005368   0.000430   0.000212  -0.024611   0.005368
    10  H    0.005368  -0.000211   0.000212   0.000024   0.005368  -0.000211
    11  C    0.000438   0.000212  -0.024611   0.005368   0.439107  -0.043968
    12  H    0.000212   0.000024   0.005368  -0.000211  -0.043968  -0.006879
    13  C   -0.127202   0.000902   0.223206  -0.011760  -0.127202   0.000902
    14  H    0.000903   0.000351  -0.011760  -0.011982   0.000903   0.000351
    15  C   -0.028742   0.000460  -0.127202   0.000903   0.223196  -0.011757
    16  H    0.000460   0.000016   0.000902   0.000351  -0.011757  -0.011985
    17  C    0.013478  -0.000415  -0.028732   0.000460  -0.127223   0.000902
    18  H   -0.000415  -0.000002   0.000460   0.000016   0.000902   0.000351
    19  C    0.223196  -0.011757  -0.127202   0.000903  -0.028742   0.000460
    20  H   -0.011757  -0.011985   0.000902   0.000351   0.000460   0.000016
    21  C   -0.127223   0.000902  -0.028732   0.000460   0.013478  -0.000415
    22  H    0.000902   0.000351   0.000460   0.000016  -0.000415  -0.000002
    23  C   -0.028732   0.000460   0.013477  -0.000415  -0.028732   0.000460
    24  H    0.000460   0.000016  -0.000415  -0.000002   0.000460   0.000016
               7          8          9         10         11         12
     1  C    0.439107  -0.043968  -0.024611   0.005368   0.000438   0.000212
     2  H   -0.043968  -0.006879   0.005368  -0.000211   0.000212   0.000024
     3  C   -0.024611   0.005368   0.000430   0.000212  -0.024611   0.005368
     4  H    0.005368  -0.000211   0.000212   0.000024   0.005368  -0.000211
     5  C    0.000438   0.000212  -0.024611   0.005368   0.439107  -0.043968
     6  H    0.000212   0.000024   0.005368  -0.000211  -0.043968  -0.006879
     7  C    5.104078   0.392611   0.439114  -0.043966  -0.024615   0.005368
     8  H    0.392611   0.554764  -0.043968  -0.006879   0.005368  -0.000211
     9  C    0.439114  -0.043968   5.104060   0.392609   0.439114  -0.043968
    10  H   -0.043966  -0.006879   0.392609   0.554760  -0.043966  -0.006879
    11  C   -0.024615   0.005368   0.439114  -0.043966   5.104078   0.392611
    12  H    0.005368  -0.000211  -0.043968  -0.006879   0.392611   0.554764
    13  C   -0.028732   0.000460   0.013477  -0.000415  -0.028732   0.000460
    14  H    0.000460   0.000016  -0.000415  -0.000002   0.000460   0.000016
    15  C    0.013478  -0.000415  -0.028732   0.000460  -0.127223   0.000902
    16  H   -0.000415  -0.000002   0.000460   0.000016   0.000902   0.000351
    17  C   -0.028742   0.000460  -0.127202   0.000903   0.223196  -0.011757
    18  H    0.000460   0.000016   0.000902   0.000351  -0.011757  -0.011985
    19  C   -0.127223   0.000902  -0.028732   0.000460   0.013478  -0.000415
    20  H    0.000902   0.000351   0.000460   0.000016  -0.000415  -0.000002
    21  C    0.223196  -0.011757  -0.127202   0.000903  -0.028742   0.000460
    22  H   -0.011757  -0.011985   0.000902   0.000351   0.000460   0.000016
    23  C   -0.127202   0.000902   0.223206  -0.011760  -0.127202   0.000902
    24  H    0.000903   0.000351  -0.011760  -0.011982   0.000903   0.000351
              13         14         15         16         17         18
     1  C   -0.127202   0.000903  -0.028742   0.000460   0.013478  -0.000415
     2  H    0.000902   0.000351   0.000460   0.000016  -0.000415  -0.000002
     3  C    0.223206  -0.011760  -0.127202   0.000902  -0.028732   0.000460
     4  H   -0.011760  -0.011982   0.000903   0.000351   0.000460   0.000016
     5  C   -0.127202   0.000903   0.223196  -0.011757  -0.127223   0.000902
     6  H    0.000902   0.000351  -0.011757  -0.011985   0.000902   0.000351
     7  C   -0.028732   0.000460   0.013478  -0.000415  -0.028742   0.000460
     8  H    0.000460   0.000016  -0.000415  -0.000002   0.000460   0.000016
     9  C    0.013477  -0.000415  -0.028732   0.000460  -0.127202   0.000902
    10  H   -0.000415  -0.000002   0.000460   0.000016   0.000903   0.000351
    11  C   -0.028732   0.000460  -0.127223   0.000902   0.223196  -0.011757
    12  H    0.000460   0.000016   0.000902   0.000351  -0.011757  -0.011985
    13  C    5.104060   0.392609   0.439114  -0.043968  -0.024611   0.005368
    14  H    0.392609   0.554760  -0.043966  -0.006879   0.005368  -0.000211
    15  C    0.439114  -0.043966   5.104078   0.392611   0.439107  -0.043968
    16  H   -0.043968  -0.006879   0.392611   0.554764  -0.043968  -0.006879
    17  C   -0.024611   0.005368   0.439107  -0.043968   5.104078   0.392611
    18  H    0.005368  -0.000211  -0.043968  -0.006879   0.392611   0.554764
    19  C    0.439114  -0.043966  -0.024615   0.005368   0.000438   0.000212
    20  H   -0.043968  -0.006879   0.005368  -0.000211   0.000212   0.000024
    21  C   -0.024611   0.005368   0.000438   0.000212  -0.024615   0.005368
    22  H    0.005368  -0.000211   0.000212   0.000024   0.005368  -0.000211
    23  C    0.000430   0.000212  -0.024611   0.005368   0.439114  -0.043968
    24  H    0.000212   0.000024   0.005368  -0.000211  -0.043966  -0.006879
              19         20         21         22         23         24
     1  C    0.223196  -0.011757  -0.127223   0.000902  -0.028732   0.000460
     2  H   -0.011757  -0.011985   0.000902   0.000351   0.000460   0.000016
     3  C   -0.127202   0.000902  -0.028732   0.000460   0.013477  -0.000415
     4  H    0.000903   0.000351   0.000460   0.000016  -0.000415  -0.000002
     5  C   -0.028742   0.000460   0.013478  -0.000415  -0.028732   0.000460
     6  H    0.000460   0.000016  -0.000415  -0.000002   0.000460   0.000016
     7  C   -0.127223   0.000902   0.223196  -0.011757  -0.127202   0.000903
     8  H    0.000902   0.000351  -0.011757  -0.011985   0.000902   0.000351
     9  C   -0.028732   0.000460  -0.127202   0.000902   0.223206  -0.011760
    10  H    0.000460   0.000016   0.000903   0.000351  -0.011760  -0.011982
    11  C    0.013478  -0.000415  -0.028742   0.000460  -0.127202   0.000903
    12  H   -0.000415  -0.000002   0.000460   0.000016   0.000902   0.000351
    13  C    0.439114  -0.043968  -0.024611   0.005368   0.000430   0.000212
    14  H   -0.043966  -0.006879   0.005368  -0.000211   0.000212   0.000024
    15  C   -0.024615   0.005368   0.000438   0.000212  -0.024611   0.005368
    16  H    0.005368  -0.000211   0.000212   0.000024   0.005368  -0.000211
    17  C    0.000438   0.000212  -0.024615   0.005368   0.439114  -0.043966
    18  H    0.000212   0.000024   0.005368  -0.000211  -0.043968  -0.006879
    19  C    5.104078   0.392611   0.439107  -0.043968  -0.024611   0.005368
    20  H    0.392611   0.554764  -0.043968  -0.006879   0.005368  -0.000211
    21  C    0.439107  -0.043968   5.104078   0.392611   0.439114  -0.043966
    22  H   -0.043968  -0.006879   0.392611   0.554764  -0.043968  -0.006879
    23  C   -0.024611   0.005368   0.439114  -0.043968   5.104060   0.392609
    24  H    0.005368  -0.000211  -0.043966  -0.006879   0.392609   0.554760
 Mulliken charges:
               1
     1  C   -0.164464
     2  H    0.164468
     3  C   -0.164479
     4  H    0.164471
     5  C   -0.164464
     6  H    0.164468
     7  C   -0.164464
     8  H    0.164468
     9  C   -0.164479
    10  H    0.164471
    11  C   -0.164464
    12  H    0.164468
    13  C   -0.164479
    14  H    0.164471
    15  C   -0.164464
    16  H    0.164468
    17  C   -0.164464
    18  H    0.164468
    19  C   -0.164464
    20  H    0.164468
    21  C   -0.164464
    22  H    0.164468
    23  C   -0.164479
    24  H    0.164471
 Sum of Mulliken charges =  -0.00000
 Mulliken charges with hydrogens summed into heavy atoms:
               1
     1  C    0.000004
     3  C   -0.000008
     5  C    0.000004
     7  C    0.000004
     9  C   -0.000008
    11  C    0.000004
    13  C   -0.000008
    15  C    0.000004
    17  C    0.000004
    19  C    0.000004
    21  C    0.000004
    23  C   -0.000008
 Electronic spatial extent (au):  <R**2>=           1204.3773
 Charge=             -0.0000 electrons
 Dipole moment (field-independent basis, Debye):
    X=              0.0000    Y=              0.0000    Z=             -0.0000  Tot=              0.0000
 Quadrupole moment (field-independent basis, Debye-Ang):
   XX=            -62.8711   YY=            -62.8709   ZZ=            -79.4198
   XY=              0.0000   XZ=              0.0000   YZ=             -0.0000
 Traceless Quadrupole moment (field-independent basis, Debye-Ang):
   XX=              5.5162   YY=              5.5163   ZZ=            -11.0325
   XY=              0.0000   XZ=              0.0000   YZ=             -0.0000
 Octapole moment (field-independent basis, Debye-Ang**2):
  XXX=             -0.0000  YYY=              0.0000  ZZZ=              0.0000  XYY=             -0.0000
  XXY=             -0.0000  XXZ=             -0.0000  XZZ=             -0.0000  YZZ=             -0.0000
  YYZ=             -0.0000  XYZ=              0.0000
 Hexadecapole moment (field-independent basis, Debye-Ang**3):
 XXXX=           -518.7558 YYYY=           -518.7532 ZZZZ=           -546.5782 XXXY=              0.0000
 XXXZ=             -0.0000 YYYX=             -0.0000 YYYZ=              0.0000 ZZZX=              0.0000
 ZZZY=              0.0000 XXYY=           -172.9183 XXZZ=           -187.4731 YYZZ=           -187.4725
 XXYZ=              0.0000 YYXZ=             -0.0000 ZZXY=             -0.0000
 N-N= 7.448476422452D+02 E-N=-2.566449050051D+03  KE= 4.633758542016D+02
 Symmetry AG   KE= 7.799960005342D+01
 Symmetry B1G  KE= 3.995974735204D+01
 Symmetry B2G  KE= 4.099521502912D+01
 Symmetry B3G  KE= 7.283433592751D+01
 Symmetry AU   KE= 3.807999388143D+01
 Symmetry B1U  KE= 7.789817239693D+01
 Symmetry B2U  KE= 7.371194915769D+01
 Symmetry B3U  KE= 4.189684040351D+01
 1\1\GINC-PADAWAN-42\SP\RwB97XD\6-31G(d)\C12H12\PADAWAN\29-Mar-2022\0\\
 #n wB97xd/6-31G(d) SP\\Title\\0,1\C,0,-1.2211,-0.705,0.\H,0,-2.05248,-
 1.185,0.\C,0,0.,-1.41,0.\H,0,0.,-2.37,0.\C,0,1.2211,-0.705,0.\H,0,2.05
 248,-1.185,0.\C,0,-1.2211,0.705,0.\H,0,-2.05248,1.185,0.\C,0,0.,1.41,0
 .\H,0,0.,2.37,0.\C,0,1.2211,0.705,0.\H,0,2.05248,1.185,0.\C,0,0.,-1.41
 ,2.\H,0,0.,-2.37,2.\C,0,1.2211,-0.705,2.\H,0,2.05248,-1.185,2.\C,0,1.2
 211,0.705,2.\H,0,2.05248,1.185,2.\C,0,-1.2211,-0.705,2.\H,0,-2.05248,-
 1.185,2.\C,0,-1.2211,0.705,2.\H,0,-2.05248,1.185,2.\C,0,0.,1.41,2.\H,0
 ,0.,2.37,2.\\Version=ES64L-G16RevA.03\State=1-AG\HF=-463.7442543\RMSD=
 3.702e-09\Dipole=0.,0.,0.\Quadrupole=4.1011493,4.1012685,-8.2024178,0.
 ,0.,0.\PG=D02H [SG(C4H4),X(C8H8)]\\@


 ... FOR AFTERWARDS A MAN FINDS PLEASURE IN HIS PAINS,
 WHEN HE HAS SUFFERED LONG AND WANDERED FAR.

                                    -- HOMER
 Job cpu time:       0 days  0 hours  2 minutes 18.8 seconds.
 Elapsed time:       0 days  0 hours  0 minutes  4.7 seconds.
 File lengths (MBytes):  RWF=     23 Int=      0 D2E=      0 Chk=      4 Scr=      1
 Normal termination of Gaussian 16 at Tue Mar 29 10:07:43 2022.
